8356 
17219 
137119 
179316 
184989 
228769 
269124 
280927 
347038 
349132 
353158 
366427 
436072 
453508 
461967 
480637 
511280 
542980 
553561 
558998 
569107 
594317 
608873 
664747 
670935 
845985 
892050 
892108 
969937 
978979 
1014313 
1032599 
1046699 
1053670 
1075871 
1088551 
1136860 
1137198 
1153008 
1157555 
1197090 
1261545 
1265532 
1288286 
1305039 
1405037 
1406364 
1428012 
1437798 
1471434 
1514626 
1531107 
1600408 
1639321 
1648371 
1667567 
1672965 
1678277 
1682360 
1714301 
1723181 
1754528 
1813293 
1860590 
1862498 
1866663 
1886024 
1950424 
1951526 
1961951 
1969059 
1994140 
2011281 
2051245 
2246798 
2297270 
2330194 
2379429 
2383256 
2386643 
2390938 
2405334 
2443177 
2499307 
2517490 
2581810 
2606883 
2612219 
2622526 
2651267 
2656692 
2687381 
2692114 
2747267 
2753230 
2768306 
2776180 
2792236 
2801790 
2814478 
2823032 
2828524 
2832793 
2844346 
2870147 
2912270 
2935627 
2935795 
2938563 
2939577 
2959163 
2983089 
3004836 
3040369 
3079666 
3117929 
3120439 
3136728 
3146498 
3146673 
3197578 
3208574 
3241634 
3280168 
3299538 
3303021 
3307481 
3355625 
3400163 
3401937 
3408594 
3429952 
3447105 
3459545 
3482841 
3511254 
3511424 
3534444 
3558427 
3561136 
3562676 
3565549 
3596488 
3606878 
3611004 
3629047 
3678178 
3692459 
3711665 
3835059 
3849802 
3854981 
3857439 
3865477 
3870290 
3938408 
3956222 
3960780 
3988299 
3988470 
4028309 
4050616 
4062137 
4062308 
4176688 
4243213 
4288438 
4333094 
4360731 
4431831 
4453438 
4457021 
4459146 
4485905 
4501053 
4564802 
4571435 
4596165 
4596726 
4601392 
4619602 
4670613 
4721372 
4741136 
4759202 
4767984 
4776611 
4816487 
4827924 
4877381 
4879020 
4881960 
4886596 
4887738 
4903344 
4926146 
4934107 
4952812 
4957202 
4986878 
5029179 
5050551 
5057655 
5067018 
5072442 
5082499 
5090409 
5092151 
5135544 
5220968 
5308065 
5376956 
5412758 
5430270 
5433142 
5473308 
5474869 
5517725 
5651243 
5665022 
5666320 
5667491 
5669531 
5697905 
5707712 
5713722 
5715975 
5723859 
5737020 
5829892 
5837018 
5858295 
5863262 
5863924 
5864586 
5874698 
5875477 
5901297 
5941524 
5968544 
5986843 
6012266 
6101695 
6128145 
6129023 
6179872 
6218924 
6219609 
6231797 
6314145 
6345734 
6354882 
6368100 
6374590 
6396729 
6418064 
6449163 
6467339 
6475601 
6491024 
6496861 
6496905 
6509310 
6523822 
6571734 
6597187 
6600414 
6622455 
6686939 
6703585 
6705979 
6759236 
6797745 
6879464 
6885055 
6898155 
6975353 
7016616 
7017288 
7094260 
7103493 
7138008 
7143023 
7191051 
7238908 
7239170 
7246085 
7253796 
7271548 
7290861 
7386545 
7401630 
7403909 
7414597 
7418789 
7512492 
7521536 
7521849 
7597120 
7739077 
7753172 
7775489 
7814925 
7818129 
7963042 
7970048 
7981441 
7987093 
8052457 
8065888 
8074812 
8080572 
8104938 
8120893 
8163073 
8188724 
8264054 
8295476 
8315174 
8358079 
8438129 
8440258 
8441572 
8484136 
8486432 
8515702 
8521875 
8528922 
8626006 
8670928 
8676002 
8678242 
8727103 
8731346 
8744315 
8750614 
8776668 
8787168 
8899771 
8922466 
8980145 
8981155 
9072437 
9077332 
9085846 
9104952 
9121211 
9124795 
9127685 
9145703 
9152443 
9177816 
9218469 
9239970 
9255958 
9257748 
9274673 
9280617 
9282511 
9337083 
9349811 
9367131 
9399498 
9443169 
9444069 
9444697 
9472121 
9505638 
9550434 
9564566 
9586139 
9587115 
9608548 
9627169 
9677618 
9784671 
9794082 
9794993 
9808187 
9820899 
9860710 
9872847 
9880634 
9906380 
9914544 
9954561 
9980016 
10089860 
10096244 
10100729 
10149672 
10166118 
10180476 
10234639 
10258210 
10264189 
10281990 
10304568 
10312391 
10358135 
10411681 
10463794 
10492024 
10498246 
10534779 
10553361 
10587458 
10612778 
10725572 
10735785 
10772402 
10785073 
10796045 
10797725 
10830331 
10849596 
10853622 
10860393 
10896957 
10987330 
11039581 
11048681 
11066612 
11074285 
11117500 
11132340 
11149392 
11155455 
11160972 
11191785 
11211884 
11253039 
11307231 
11313250 
11358085 
11364392 
11378440 
11434490 
11438385 
11472699 
11479540 
11481407 
11530489 
11535538 
11597123 
11606882 
11635394 
11637564 
11646036 
11781524 
11795607 
11813350 
11887848 
11961464 
11994000 
12023578 
12023786 
12066576 
12069213 
12071475 
12121012 
12147655 
12180029 
12183089 
12232811 
12233463 
12239356 
12253432 
12289464 
12314305 
12327053 
12348157 
12354066 
12358345 
12361180 
12375119 
12389578 
12390645 
12411423 
12452017 
12454169 
12502235 
12525158 
12643661 
12670185 
12682111 
12683558 
12708497 
12745556 
12755124 
12757018 
12758257 
12778660 
12791095 
12845744 
12904542 
12921413 
12944904 
12948915 
13006506 
13006659 
13007973 
13028132 
13107846 
13121978 
13149516 
13155741 
13220584 
13249258 
13272701 
13283158 
13292753 
13312181 
13350302 
13415432 
13419445 
13521595 
13534984 
13543863 
13583521 
13600678 
13640372 
13651407 
13669334 
13690172 
13692429 
13706919 
13719364 
13731067 
13749208 
13760154 
13785149 
13808542 
13847499 
13880737 
13900385 
13902483 
13926644 
14027058 
14054017 
14083101 
14097358 
14157173 
14174875 
14194110 
14231804 
14246622 
14295268 
14338833 
14341469 
14388218 
14392693 
14412137 
14426069 
14486182 
14502556 
14516057 
14518652 
14532196 
14544354 
14554046 
14578838 
14591854 
14600652 
14601899 
14606177 
14676650 
14785748 
14823230 
14849339 
14853940 
14915871 
14920969 
14922857 
14923656 
14946560 
14979438 
15002480 
15016098 
15023397 
15047545 
15085689 
15113661 
15147682 
15186107 
15229728 
15258249 
15259063 
15338532 
15348424 
15352085 
15363352 
15379709 
15401930 
15413849 
15427551 
15438352 
15481970 
15490649 
15504564 
15513045 
15557914 
15644716 
15699427 
15745700 
15749600 
15764386 
15783297 
15806309 
15814882 
15825714 
15849590 
15856368 
15867326 
15869991 
15887054 
15894399 
15894552 
15924147 
15928205 
15973167 
16037144 
16051835 
16116562 
16119408 
16146166 
16194566 
16204660 
16205538 
16221663 
16253385 
16370214 
16373350 
16377438 
16388102 
16396260 
16405061 
16487229 
16541274 
16551264 
16560238 
16567435 
16575322 
16650587 
16663076 
16666213 
16718157 
16754139 
16765331 
16833875 
16847583 
16901582 
16926956 
16967624 
16974086 
16978773 
17114028 
17115548 
17123633 
17147830 
17161491 
17162043 
17167130 
17184128 
17252254 
17290391 
17301176 
17334909 
17344521 
17349053 
17358067 
17425151 
17425863 
17470664 
17542732 
17551845 
17557265 
17568040 
17579292 
17584625 
17678270 
17689398 
17694543 
17706891 
17718452 
17720874 
17724345 
17740693 
17746414 
17760000 
17764461 
17776572 
17781760 
17832556 
17835413 
17857009 
17867011 
17892632 
17916557 
17922413 
17967217 
17997329 
18020904 
18030077 
18083163 
18130492 
18164948 
18260568 
18262711 
18276739 
18311185 
18344156 
18367484 
18413350 
18413648 
18418403 
18431302 
18483195 
18484652 
18506770 
18540471 
18582132 
18584001 
18599691 
18612260 
18614284 
18671926 
18676431 
18717250 
18736277 
18779297 
18805992 
18975584 
18991019 
18992602 
18999834 
19068556 
19075928 
19089751 
19090786 
19116450 
19130190 
19192090 
19235800 
19245370 
19322892 
19390350 
19396840 
19410823 
19442518 
19469123 
19514922 
19581451 
19583500 
19625137 
19687642 
19758086 
19774322 
19803325 
19807882 
19823722 
19831381 
19845660 
19862596 
19870497 
19883630 
19894376 
19902493 
19915298 
19930201 
19945751 
19951518 
19977465 
19988673 
20080836 
20105639 
20117859 
20144468 
20205028 
20205833 
20208187 
20241415 
20264869 
20264869 
20268865 
20294777 
20316792 
20349902 
20387171 
20424484 
20439223 
20527810 
20591794 
20623951 
20645206 
20653794 
20668031 
20669335 
20673794 
20688722 
20723500 
20775273 
20825139 
20930319 
20935417 
21068464 
21078982 
21134683 
21141327 
21246260 
21380183 
21393714 
21446158 
21452048 
21459269 
21475163 
21475842 
21482723 
21484510 
21570979 
21672326 
21680435 
21683491 
21744955 
21834547 
21845199 
21886054 
21892226 
21909395 
21951238 
21962779 
21971491 
21971734 
22026638 
22031649 
22093151 
22099874 
22140072 
22144339 
22169118 
22176944 
22215328 
22241573 
22286227 
22290391 
22290564 
22307061 
22396687 
22423929 
22451292 
22498935 
22560044 
22601081 
22619351 
22652884 
22653521 
22677579 
22685302 
22712311 
22751554 
22758793 
22833600 
22839366 
22856573 
22859161 
22908091 
22918436 
22955907 
22963115 
22964429 
22988056 
23012709 
23051216 
23102573 
23103586 
23119504 
23122638 
23123157 
23139889 
23158994 
23180991 
23190880 
23209126 
23237654 
23237793 
23282956 
23295875 
23336609 
23383338 
23414993 
23439340 
23441684 
23442988 
23448712 
23462496 
23527664 
23574114 
23592375 
23607061 
23640291 
23681998 
23739610 
23747109 
23811707 
23834713 
23881208 
23894429 
23915986 
23964913 
23977258 
24000170 
24034349 
24062762 
24098659 
24132854 
24138673 
24142426 
24161564 
24181787 
24197715 
24231532 
24284996 
24295545 
24332180 
24352700 
24416235 
24485356 
24487379 
24521120 
24539266 
24556039 
24571128 
24607052 
24634368 
24641753 
24642567 
24645752 
24660577 
24705201 
24713214 
24745052 
24748434 
24768287 
24792509 
24823523 
24832224 
24846540 
24872987 
24874554 
24879659 
24884247 
24954490 
25005320 
25100630 
25112399 
25116461 
25119286 
25135754 
25150329 
25185516 
25206230 
25255219 
25297020 
25350018 
25410389 
25410785 
25438961 
25455087 
25462357 
25487214 
25515831 
25523165 
25566128 
25659414 
25687208 
25719278 
25720823 
25730140 
25759876 
25765463 
25813762 
25841219 
25846312 
25849179 
25862683 
25872803 
25929467 
25973204 
26018728 
26033309 
26055770 
26069247 
26104060 
26107021 
26146752 
26168743 
26185296 
26235456 
26244890 
26255893 
26286275 
26384885 
26389096 
26390510 
26416117 
26516479 
26554541 
26578473 
26588836 
26604544 
26613494 
26688082 
26708515 
26727917 
26753814 
26823829 
26824899 
26867805 
26883459 
26898812 
26960808 
26992599 
27025515 
27026985 
27045164 
27099316 
27099344 
27106661 
27121398 
27143637 
27175997 
27198780 
27206282 
27208225 
27244125 
27270724 
27314348 
27341402 
27358014 
27363182 
27495223 
27502143 
27527538 
27529884 
27586593 
27588011 
27593877 
27710027 
27761032 
27795902 
27806518 
27831948 
27835360 
27849019 
27919204 
27955880 
27970442 
27991190 
28061233 
28076032 
28087056 
28151106 
28173658 
28201448 
28316126 
28321836 
28335299 
28388611 
28404426 
28409006 
28422274 
28475703 
28488230 
28547539 
28566045 
28577215 
28657256 
28713142 
28713564 
28721684 
28740382 
28741331 
28766308 
28807411 
28855953 
28890836 
28935495 
28950491 
28974303 
28977488 
29033120 
29062733 
29122348 
29153897 
29172854 
29235056 
29304526 
29304583 
29319679 
29350948 
29375418 
29386087 
29396568 
29418055 
29509470 
29515125 
29522070 
29618616 
29666806 
29724831 
29783472 
29844012 
29847860 
29864812 
29893892 
29960004 
30016665 
30019556 
30026545 
30097171 
30113061 
30167348 
30234014 
30259920 
30262799 
30270875 
30282733 
30339420 
30360201 
30373919 
30384924 
30415315 
30432808 
30434939 
30462885 
30466956 
30479124 
30494712 
30513615 
30536094 
30549999 
30579202 
30591156 
30727382 
30774518 
30777395 
30778756 
30783532 
30784534 
30816370 
30888843 
30900163 
30948165 
31033474 
31034686 
31057397 
31089874 
31159749 
31179294 
31200667 
31222097 
31240233 
31280547 
31393910 
31403427 
31482005 
31484939 
31499300 
31504247 
31535180 
31543102 
31552732 
31577632 
31578428 
31631199 
31635078 
31640009 
31648680 
31648680 
31676979 
31696470 
31727241 
31747649 
31776346 
31792746 
31817139 
31819411 
31852042 
31878798 
31883324 
31918317 
31938053 
31943690 
31964582 
31966228 
31975635 
31983831 
32020645 
32032255 
32053269 
32094455 
32209349 
32225745 
32252711 
32365634 
32393711 
32452286 
32464725 
32470383 
32483062 
32536280 
32570076 
32591121 
32611119 
32685767 
32715547 
32744819 
32747981 
32839163 
32843536 
32911435 
32916351 
33025500 
33027651 
33044762 
33064167 
33103761 
33147124 
33189476 
33246344 
33267251 
33279870 
33315519 
33391296 
33419315 
33471528 
33478618 
33511783 
33560560 
33597845 
33600926 
33639657 
33648641 
33685912 
33765897 
33780371 
33790553 
33797607 
33802484 
33880540 
33884564 
33909442 
33928505 
33954528 
33969698 
33974526 
34002511 
34016397 
34018167 
34032210 
34049874 
34069214 
34075897 
34076766 
34131436 
34162113 
34183903 
34197518 
34215034 
34221232 
34222228 
34222924 
34238903 
34239825 
34292075 
34297492 
34303297 
34381046 
34408504 
34408844 
34428206 
34450373 
34474708 
34498697 
34522179 
34589974 
34590690 
34631749 
34648432 
34661791 
34696904 
34723612 
34827165 
34836935 
35029494 
35046323 
35061697 
35122894 
35177400 
35193396 
35214070 
35230163 
35264380 
35305219 
35320387 
35346306 
35349397 
35351168 
35380374 
35386850 
35390208 
35440586 
35466102 
35620504 
35649947 
35650526 
35663792 
35664266 
35669005 
35720308 
35747364 
35762280 
35762326 
35767769 
35785647 
35811591 
35830815 
35903151 
35913864 
35932264 
35997209 
36091163 
36123301 
36133974 
36143157 
36316376 
36433057 
36468773 
36478162 
36502522 
36510969 
36548841 
36571291 
36572429 
36635056 
36643658 
36649705 
36667973 
36671388 
36712015 
36715124 
36750192 
36838116 
36838308 
36887157 
36925612 
36966893 
36995973 
37040916 
37043281 
37073074 
37079442 
37130337 
37155700 
37199432 
37231897 
37266360 
37289005 
37294010 
37305752 
37318004 
37351284 
37357348 
37364961 
37374576 
37401681 
37409973 
37428847 
37458749 
37478775 
37496654 
37527290 
37545504 
37560321 
37560504 
37573688 
37634485 
37639055 
37649828 
37655041 
37702501 
37722819 
37737269 
37829528 
37854304 
37883049 
37885136 
37901352 
37954411 
37960086 
37975396 
38011702 
38054026 
38069463 
38121110 
38197091 
38243785 
38246360 
38259664 
38277235 
38349719 
38375747 
38383892 
38391218 
38472334 
38501140 
38608260 
38619159 
38659381 
38666279 
38737275 
38745020 
38758145 
38761766 
38824517 
38827988 
38843370 
38843832 
38855671 
38900686 
38934154 
38946314 
38951789 
38975697 
38977787 
39068433 
39071564 
39079628 
39095672 
39146903 
39174003 
39179148 
39281042 
39320301 
39366483 
39446580 
39491913 
39501560 
39548295 
39574872 
39612483 
39656691 
39669945 
39734138 
39752270 
39762656 
39763165 
39797280 
39797282 
39810149 
39843824 
39905312 
39907501 
39911322 
39934856 
39963595 
40001644 
40130559 
40148865 
40298459 
40310780 
40319686 
40372860 
40409505 
40417752 
40417991 
40451269 
40467211 
40472826 
40500704 
40514196 
40593213 
40656041 
40661727 
40662879 
40664210 
40740731 
40798110 
40845140 
40873394 
40924015 
40958718 
40965753 
41013114 
41060931 
41073665 
41073882 
41088047 
41114594 
41151790 
41152298 
41222465 
41263913 
41270625 
41327359 
41341551 
41344499 
41376120 
41471219 
41473412 
41541085 
41571974 
41636416 
41690777 
41728707 
41731595 
41744968 
41829375 
41831626 
41859053 
41864650 
41893165 
41914621 
42031831 
42094083 
42160044 
42171595 
42177437 
42232752 
42284580 
42336689 
42371420 
42396372 
42408562 
42494332 
42526346 
42543884 
42588615 
42637195 
42638527 
42668879 
42688859 
42718035 
42738121 
42742067 
42815795 
42823294 
42882418 
42888672 
42893191 
42900448 
42969084 
43011232 
43022000 
43033789 
43049224 
43051270 
43176037 
43201334 
43215872 
43222083 
43224706 
43265823 
43276399 
43284188 
43284207 
43316198 
43357824 
43384781 
43399499 
43405762 
43448706 
43563656 
43595696 
43602119 
43609139 
43646465 
43680108 
43717896 
43741322 
43743801 
43759305 
43771283 
43780574 
43797414 
43815411 
43861704 
43878728 
43888368 
43914482 
43917981 
44068804 
44073257 
44096345 
44122960 
44133079 
44141524 
44163247 
44192562 
44193821 
44203880 
44218794 
44230984 
44256682 
44258318 
44298207 
44325927 
44343253 
44380851 
44415631 
44423280 
44620423 
44623182 
44632092 
44739298 
44755166 
44755294 
44756227 
44783630 
44837554 
44868272 
44957419 
45000147 
45077634 
45103349 
45198597 
45203460 
45211741 
45213981 
45238549 
45239370 
45246264 
45246868 
45253088 
45282367 
45316067 
45365483 
45389838 
45441438 
45460826 
45488562 
45522312 
45579923 
45603238 
45632814 
45635465 
45637572 
45653087 
45661165 
45679642 
45710024 
45718020 
45767359 
45815133 
45842336 
45847050 
45945514 
45948614 
45999841 
46028682 
46064621 
46067674 
46073557 
46101506 
46109388 
46130471 
46139501 
46195598 
46202601 
46217986 
46219116 
46233857 
46256462 
46259889 
46278255 
46341763 
46341763 
46428210 
46436537 
46464788 
46492429 
46506185 
46509501 
46537746 
46629382 
46676071 
46677041 
46717585 
46731517 
46765162 
46798853 
46801365 
46834924 
46848561 
46850682 
46882059 
46895881 
46963332 
47064528 
47078347 
47127650 
47148652 
47208537 
47231065 
47244510 
47291354 
47328576 
47414035 
47422546 
47427295 
47429093 
47461644 
47468031 
47508692 
47515971 
47544180 
47579062 
47602116 
47612602 
47636533 
47660903 
47668566 
47669300 
47680735 
47685645 
47739245 
47753179 
47773208 
47774889 
47775296 
47796500 
47798513 
47818747 
47819802 
47842980 
47905636 
48032824 
48103579 
48104106 
48123982 
48152333 
48192725 
48209230 
48270193 
48274440 
48317325 
48384190 
48399551 
48416883 
48439849 
48449935 
48486011 
48489121 
48575141 
48580233 
48581737 
48594566 
48598554 
48616534 
48633131 
48634882 
48652083 
48767020 
48789167 
48846618 
48897720 
48971680 
48973379 
49028606 
49032389 
49042028 
49100766 
49112964 
49128259 
49163602 
49219557 
49264498 
49287248 
49313308 
49325044 
49351323 
49541257 
49568939 
49570243 
49607090 
49655776 
49709762 
49732608 
49738799 
49744552 
49757391 
49760237 
49773020 
49828135 
49873540 
49893509 
49909928 
49979259 
50015914 
50038288 
50041184 
50103769 
50110223 
50110731 
50120285 
50130240 
50143175 
50149365 
50150544 
50155245 
50172606 
50175780 
50180582 
50223368 
50252984 
50270315 
50313292 
50338312 
50343859 
50364830 
50421071 
50443513 
50455806 
50472846 
50513979 
50531961 
50582755 
50592967 
50633165 
50647766 
50663594 
50790968 
50793750 
50813340 
50815839 
50824531 
50836218 
50837406 
50891996 
50904967 
50917461 
50985025 
50987053 
51017550 
51049914 
51103561 
51110815 
51131369 
51142119 
51162621 
51170198 
51314875 
51321885 
51426242 
51428684 
51436575 
51439715 
51449841 
51467938 
51570067 
51572854 
51604672 
51606724 
51632590 
51648327 
51653277 
51660701 
51688093 
51721733 
51749586 
51757393 
51759020 
51773606 
51813182 
51818003 
51852478 
51854358 
51876038 
51876404 
51913784 
51926683 
52050481 
52057452 
52072918 
52085084 
52120048 
52129480 
52155226 
52221580 
52287859 
52299644 
52351950 
52381596 
52384556 
52410114 
52414911 
52482302 
52491291 
52521849 
52549770 
52564803 
52577242 
52584350 
52622405 
52642475 
52691815 
52755967 
52787105 
52804942 
52810979 
52818189 
52856725 
52863597 
52907836 
52912374 
52960452 
52965481 
52971536 
53000175 
53001805 
53042596 
53054211 
53065704 
53075258 
53095651 
53110838 
53132423 
53134759 
53134986 
53162124 
53177567 
53199018 
53226875 
53247565 
53248504 
53254435 
53257508 
53377492 
53439778 
53446762 
53492672 
53498791 
53526174 
53666680 
53707116 
53714769 
53753261 
53754850 
53770060 
53793066 
53808000 
53820905 
53824472 
53832861 
53842412 
53901265 
53922994 
53950962 
53963705 
53977701 
53985595 
54010764 
54051286 
54061233 
54131758 
54139585 
54145807 
54163018 
54177613 
54221758 
54247211 
54256280 
54329352 
54335933 
54345308 
54420809 
54430476 
54462984 
54504467 
54535516 
54561766 
54565974 
54569130 
54622459 
54631105 
54643336 
54648405 
54659723 
54667141 
54775584 
54829262 
54833906 
54874709 
54983166 
55000101 
55001681 
55012430 
55016393 
55052289 
55071329 
55092731 
55157373 
55211598 
55213156 
55229434 
55250074 
55284246 
55317402 
55318868 
55326400 
55374138 
55446179 
55503922 
55519889 
55614714 
55618407 
55627195 
55628623 
55630373 
55675433 
55742302 
55826780 
55826852 
55879863 
55897074 
55900720 
55929350 
55930821 
55979994 
56017762 
56039303 
56122398 
56182832 
56221861 
56226222 
56226416 
56244533 
56252725 
56309776 
56342381 
56343379 
56362355 
56370401 
56372137 
56392485 
56428381 
56460035 
56471864 
56473884 
56501415 
56513476 
56521246 
56548821 
56577389 
56657684 
56683071 
56685636 
56695289 
56717842 
56746293 
56761866 
56778033 
56792899 
56828530 
56863989 
56884478 
56908986 
56933712 
56982175 
57032886 
57067188 
57089525 
57163076 
57182033 
57200961 
57226953 
57249451 
57299664 
57330061 
57347170 
57376381 
57385929 
57409173 
57427834 
57484129 
57524237 
57544441 
57562530 
57639872 
57696297 
57716225 
57733189 
57760615 
57771733 
57797153 
57899431 
57911039 
57931063 
57964372 
58085608 
58113308 
58144314 
58152198 
58152236 
58166902 
58274945 
58279367 
58317312 
58329925 
58361563 
58436444 
58441776 
58457817 
58460028 
58485530 
58501265 
58566261 
58585574 
58607550 
58610574 
58634187 
58703724 
58721470 
58722030 
58748365 
58789292 
58790790 
58833458 
58895074 
58922771 
58970325 
59005974 
59020847 
59099459 
59122907 
59143577 
59150876 
59151325 
59153486 
59157092 
59158568 
59164724 
59180134 
59237424 
59251427 
59371029 
59393146 
59402231 
59412199 
59428272 
59487209 
59538070 
59540534 
59545325 
59571192 
59610849 
59644559 
59680074 
59709826 
59746593 
59752094 
59797566 
59798569 
59814104 
59821824 
59823209 
59836042 
59847533 
59927576 
59928201 
59936604 
59986752 
59992254 
59998482 
60009143 
60025479 
60039463 
60113797 
60115679 
60116750 
60127644 
60127644 
60127960 
60130063 
60131256 
60133187 
60138067 
60151557 
60157492 
60190535 
60197793 
60202078 
60224571 
60365278 
60375799 
60388542 
60465695 
60471625 
60497546 
60549208 
60558390 
60636180 
60651993 
60686506 
60693636 
60723904 
60741219 
60747556 
60753141 
60794560 
60821660 
60885730 
60928510 
61012960 
61014969 
61027377 
61029013 
61044774 
61059298 
61073685 
61076422 
61082068 
61121373 
61133027 
61137076 
61194299 
61225651 
61283672 
61307861 
61340104 
61390411 
61405024 
61407497 
61432773 
61540594 
61549533 
61582255 
61604757 
61610756 
61672962 
61684800 
61709433 
61717066 
61724705 
61792244 
61833994 
61848237 
61851077 
61854433 
61854435 
61854823 
61870916 
61978884 
62043891 
62055821 
62165409 
62183110 
62196098 
62196209 
62197202 
62207796 
62225318 
62232742 
62276837 
62312413 
62313032 
62313811 
62343056 
62376483 
62398938 
62421505 
62428906 
62450058 
62484491 
62497516 
62520656 
62521766 
62528295 
62564175 
62600545 
62604610 
62633557 
62706277 
62717843 
62730799 
62732945 
62755476 
62831520 
62875047 
62887836 
62913710 
62933496 
62933561 
62935309 
62941860 
62955578 
62961695 
62979742 
63013705 
63016968 
63030951 
63079524 
63130935 
63131284 
63131357 
63158028 
63182225 
63193365 
63203045 
63222099 
63255671 
63259682 
63287042 
63288517 
63329215 
63329780 
63330677 
63340686 
63363917 
63381117 
63411182 
63437828 
63452990 
63462077 
63462695 
63559851 
63592891 
63619689 
63626689 
63634903 
63642715 
63669020 
63714770 
63752877 
63794339 
63801064 
63804396 
63812866 
63819061 
63828834 
63932341 
63941184 
63943773 
64011963 
64094504 
64192200 
64194511 
64194690 
64434612 
64487151 
64492189 
64492249 
64513350 
64519934 
64527582 
64538101 
64553726 
64624876 
64669373 
64677697 
64772866 
64775247 
64795213 
64830077 
64836139 
64849309 
64897790 
64931167 
64949011 
64982521 
65005424 
65026476 
65040870 
65059104 
65062423 
65065213 
65073246 
65174318 
65194055 
65235064 
65237578 
65273088 
65276539 
65475735 
65492845 
65503994 
65506726 
65604227 
65632301 
65635324 
65636775 
65646345 
65668894 
65704079 
65729389 
65747563 
65843279 
65844072 
65861060 
65866354 
65866719 
65882496 
65907009 
65915272 
65936668 
65963072 
65979849 
65981579 
66012596 
66051567 
66068446 
66088681 
66102530 
66106366 
66167478 
66208296 
66286522 
66303309 
66308978 
66332394 
66353946 
66361904 
66371271 
66372778 
66400424 
66408468 
66444134 
66452475 
66500949 
66533447 
66562992 
66681531 
66701234 
66716717 
66737320 
66751292 
66761326 
66775050 
66812470 
66823692 
66835464 
66870789 
66967375 
67051672 
67170134 
67191073 
67203275 
67280289 
67320112 
67375394 
67429127 
67429670 
67462107 
67540258 
67555426 
67567875 
67588404 
67589254 
67626535 
67626928 
67659020 
67662611 
67665515 
67668604 
67672966 
67741832 
67771751 
67779159 
67781393 
67804333 
67835068 
67845434 
67936694 
67944550 
67953500 
68037767 
68065639 
68070248 
68080479 
68091902 
68119874 
68127792 
68153487 
68241234 
68267201 
68268700 
68290453 
68291790 
68399126 
68415381 
68420548 
68491176 
68496987 
68504527 
68532990 
68536323 
68567557 
68574483 
68586559 
68635572 
68636370 
68641858 
68681935 
68687807 
68728491 
68745503 
68808592 
68825772 
68838694 
68848101 
68867678 
68878606 
68891130 
68896069 
68903428 
68904260 
68943357 
68963739 
69005291 
69014675 
69032931 
69048136 
69083496 
69085707 
69120218 
69145567 
69161756 
69182939 
69250675 
69286822 
69309103 
69334764 
69358943 
69366118 
69388562 
69390417 
69439329 
69439329 
69444141 
69454845 
69460301 
69461130 
69469632 
69503141 
69524530 
69642031 
69708908 
69727446 
69763601 
69775662 
69776082 
69826205 
69879459 
69904515 
69912596 
69925043 
69926667 
69930492 
69939331 
69942512 
69967214 
69987386 
70000759 
70066602 
70142503 
70194405 
70217521 
70273217 
70284098 
70284478 
70306912 
70307467 
70332557 
70359638 
70377139 
70392445 
70419244 
70430239 
70453979 
70483860 
70496438 
70500886 
70559090 
70607045 
70608583 
70612197 
70672525 
70676277 
70681891 
70739520 
70739833 
70743832 
70757021 
70799406 
70808984 
70827134 
70876214 
70898170 
70960474 
70973299 
70976000 
70985705 
70988178 
71010967 
71015370 
71042107 
71085401 
71136537 
71184235 
71202967 
71310047 
71336093 
71341356 
71349800 
71372384 
71381616 
71383652 
71427814 
71529323 
71574523 
71585225 
71629230 
71656017 
71674383 
71709328 
71711092 
71741390 
71751682 
71756933 
71783853 
71796819 
71854317 
71916872 
71938877 
71969685 
71973728 
71980264 
72042881 
72080866 
72088000 
72137202 
72159005 
72162720 
72184615 
72196980 
72203245 
72238210 
72239286 
72255242 
72277942 
72318783 
72319810 
72418334 
72431268 
72455019 
72585835 
72628964 
72629597 
72664299 
72676075 
72738979 
72757652 
72773871 
72800819 
72875477 
72882803 
72890391 
72892261 
72912216 
72928620 
72929911 
72953462 
73019235 
73044329 
73100785 
73115031 
73141446 
73179984 
73181111 
73204118 
73229844 
73242692 
73243085 
73246324 
73314542 
73331010 
73357139 
73397817 
73405581 
73407630 
73421288 
73426659 
73439363 
73442384 
73460344 
73461095 
73576774 
73630478 
73668147 
73674359 
73695493 
73722162 
73759115 
73764233 
73779178 
73784362 
73807487 
73866927 
73925467 
73927010 
73988975 
73989891 
73995312 
74002099 
74028190 
74030063 
74085269 
74123774 
74134078 
74146370 
74172342 
74184539 
74191466 
74198564 
74205401 
74227413 
74257340 
74268181 
74269474 
74277478 
74288176 
74305718 
74419424 
74453322 
74457096 
74481649 
74490034 
74522373 
74526737 
74540964 
74564527 
74573373 
74589391 
74623688 
74643041 
74661404 
74704892 
74711589 
74714528 
74791697 
74798731 
74824415 
74834179 
74912503 
74952715 
74952781 
74973275 
74979533 
74979533 
74987646 
75026585 
75088457 
75159849 
75191857 
75199167 
75218482 
75223904 
75326224 
75329427 
75391145 
75408650 
75413766 
75478376 
75479280 
75485432 
75494577 
75499108 
75526934 
75529509 
75609935 
75659504 
75673691 
75678534 
75684278 
75700249 
75731024 
75787047 
75889115 
75897481 
75936284 
75941758 
76018490 
76072182 
76138095 
76150297 
76179385 
76183836 
76186651 
76227858 
76287421 
76294983 
76315723 
76369053 
76395873 
76418729 
76435469 
76472289 
76547698 
76574629 
76574779 
76603825 
76737560 
76747191 
76757324 
76791360 
76817608 
76888357 
76895223 
76911693 
76952751 
76976185 
77000891 
77024264 
77035036 
77050351 
77082302 
77141534 
77233336 
77251877 
77252516 
77335345 
77364890 
77402076 
77445231 
77456968 
77509922 
77525919 
77599489 
77602174 
77613585 
77615678 
77635309 
77644051 
77667008 
77684403 
77705112 
77712155 
77734676 
77760485 
77760485 
77789823 
77797396 
77798924 
77807204 
77818358 
77824680 
77828825 
77829388 
77887516 
77901499 
77954272 
77958946 
77970569 
77981245 
78082299 
78135486 
78164203 
78184473 
78265124 
78267080 
78274128 
78276344 
78276879 
78281126 
78284725 
78304124 
78342559 
78423183 
78475203 
78506116 
78550986 
78576626 
78590358 
78606401 
78644123 
78647243 
78663616 
78666633 
78708434 
78727627 
78769230 
78818967 
78830565 
78865322 
78873482 
78886270 
78920128 
78936464 
79048515 
79091840 
79197315 
79209923 
79242534 
79291743 
79295126 
79309805 
79320562 
79358865 
79374201 
79433545 
79462501 
79462885 
79488099 
79501888 
79546849 
79591396 
79605139 
79775397 
79775397 
79832211 
79936976 
79937900 
79963449 
80011773 
80013000 
80021938 
80043326 
80048085 
80053990 
80079936 
80113158 
80133534 
80134331 
80175579 
80203752 
80234899 
80237550 
80246542 
80281032 
80308221 
80314133 
80333366 
80357626 
80370054 
80375816 
80378439 
80392825 
80409621 
80414921 
80422163 
80449594 
80455700 
80533583 
80547205 
80552807 
80571068 
80611535 
80616864 
80679935 
80689799 
80699478 
80759588 
80767940 
80774687 
80774687 
80778042 
80834397 
80923183 
81054531 
81067072 
81069748 
81098818 
81167417 
81170448 
81197162 
81201975 
81239225 
81282307 
81408265 
81419872 
81432737 
81500036 
81521794 
81525677 
81526136 
81529900 
81529900 
81548059 
81562930 
81606298 
81616064 
81627294 
81637449 
81643957 
81693915 
81701032 
81711659 
81760992 
81767934 
81844921 
81853724 
81893170 
81922481 
81974156 
81977843 
81977912 
81986367 
81987909 
82002470 
82116313 
82167333 
82167467 
82184964 
82187074 
82188669 
82215557 
82248645 
82278676 
82314092 
82403632 
82404828 
82416775 
82422522 
82429333 
82447795 
82447914 
82458720 
82461130 
82470476 
82519841 
82521110 
82536927 
82610419 
82677202 
82698266 
82710596 
82712826 
82760389 
82769897 
82797360 
82808872 
82889823 
82905764 
82911267 
82962975 
82977953 
83019732 
83028101 
83070484 
83082446 
83115685 
83187692 
83213606 
83297230 
83303234 
83304887 
83341712 
83415829 
83420657 
83422790 
83450460 
83485300 
83574771 
83607782 
83697275 
83708718 
83797886 
83802481 
83829937 
83844848 
83879830 
83904436 
83917487 
83945583 
83965346 
83985292 
84044905 
84060242 
84061146 
84135690 
84155691 
84155795 
84156220 
84171452 
84220501 
84222908 
84224889 
84246319 
84277693 
84298850 
84508549 
84529022 
84544881 
84576535 
84602087 
84688166 
84709204 
84714744 
84719934 
84730000 
84733068 
84741761 
84756844 
84819758 
84820819 
84833221 
84837626 
84838346 
84897465 
84906065 
84914889 
84945981 
84956834 
85067148 
85086726 
85101399 
85144842 
85174686 
85264256 
85318816 
85357216 
85403183 
85438800 
85441124 
85445118 
85466987 
85475895 
85480089 
85484115 
85550124 
85579620 
85601298 
85713026 
85790279 
85798474 
85831124 
85863200 
85881035 
85907913 
85924112 
85972791 
85989446 
85993376 
86008517 
86033364 
86111852 
86134638 
86149364 
86158171 
86162000 
86180588 
86241491 
86362890 
86435402 
86443111 
86472264 
86476078 
86476573 
86487934 
86513713 
86598396 
86598609 
86621562 
86623375 
86623955 
86741964 
86748482 
86766808 
86773701 
86940750 
86942600 
87019329 
87035869 
87149067 
87154329 
87181948 
87183043 
87239728 
87270394 
87284836 
87284836 
87336840 
87361746 
87393317 
87435147 
87453278 
87507119 
87522762 
87537330 
87554008 
87594184 
87629923 
87639639 
87643105 
87763168 
87764015 
87835711 
87840350 
87897390 
87921095 
87943838 
87957879 
87969908 
87975376 
88025513 
88039788 
88128102 
88138840 
88175318 
88180290 
88257172 
88264093 
88272294 
88362415 
88369055 
88401910 
88411372 
88443710 
88466629 
88488333 
88489999 
88540787 
88547127 
88572213 
88597759 
88636582 
88654707 
88706813 
88770561 
88783436 
88805370 
88818705 
88821230 
88823363 
88828131 
88883617 
88922858 
88941570 
88943990 
88970441 
88978673 
88981179 
89004124 
89005403 
89024094 
89078744 
89088617 
89099845 
89145496 
89158350 
89181737 
89192327 
89203075 
89213946 
89218656 
89243588 
89256900 
89268566 
89288814 
89292835 
89298409 
89324052 
89384042 
89395100 
89401906 
89409280 
89424567 
89503386 
89526576 
89564374 
89576673 
89582704 
89632696 
89661506 
89663721 
89677489 
89712417 
89769429 
89777946 
89812816 
89853999 
89884831 
89885429 
89911243 
89921501 
89924703 
89951317 
89993851 
90019730 
90021440 
90051807 
90053698 
90086246 
90116159 
90149623 
90194997 
90200772 
90218739 
90249943 
90249943 
90257075 
90325649 
90351257 
90442546 
90451458 
90496614 
90511085 
90602838 
90606026 
90625878 
90631529 
90643532 
90693412 
90752644 
90760079 
90761284 
90772726 
90787958 
90814547 
90854016 
90912109 
90912760 
90920360 
90941347 
90967660 
91017640 
91092979 
91109453 
91118420 
91131726 
91135956 
91201499 
91287542 
91307262 
91345396 
91386413 
91386413 
91439553 
91452763 
91473754 
91553896 
91554691 
91586655 
91607673 
91647769 
91681182 
91716113 
91731619 
91783304 
91812983 
91828213 
91892013 
91940948 
91964699 
92008578 
92026440 
92061214 
92074658 
92080235 
92080981 
92102585 
92178507 
92193306 
92209979 
92221876 
92262439 
92274496 
92308400 
92361897 
92401831 
92407513 
92416192 
92490764 
92500067 
92524054 
92530355 
92571887 
92595001 
92628704 
92687059 
92718741 
92720434 
92737689 
92737689 
92851019 
92930350 
92930880 
92944276 
92973188 
93021624 
93028412 
93042616 
93050716 
93050716 
93055560 
93200652 
93202523 
93208286 
93230044 
93238438 
93264794 
93272961 
93283900 
93354692 
93361774 
93395228 
93398612 
93470656 
93500030 
93507661 
93508321 
93538504 
93544038 
93627590 
93631381 
93647098 
93712548 
93717466 
93732755 
93788658 
93797212 
93816467 
93844008 
93879184 
93915185 
93968357 
93974025 
94028353 
94029487 
94034020 
94052306 
94090271 
94094262 
94095366 
94120594 
94168756 
94172821 
94229063 
94270494 
94276667 
94304038 
94326040 
94327482 
94335795 
94383011 
94441359 
94470263 
94489406 
94490088 
94493391 
94501588 
94522897 
94575124 
94582669 
94603171 
94603699 
94635434 
94668747 
94700704 
94701140 
94701180 
94704051 
94720038 
94741293 
94804443 
94812896 
94870679 
94982056 
95027465 
95056367 
95056947 
95119422 
95123693 
95141511 
95161900 
95164064 
95182164 
95194596 
95207656 
95266369 
95301089 
95419898 
95422177 
95432698 
95563392 
95590887 
95598337 
95604670 
95613118 
95637923 
95661107 
95678086 
95705380 
95744087 
95748402 
95815536 
95862884 
95877944 
95920175 
95944367 
95983743 
96002695 
96006991 
96037981 
96121049 
96123572 
96148822 
96158776 
96167819 
96207690 
96232712 
96242532 
96264640 
96278096 
96280703 
96307522 
96313585 
96343273 
96388143 
96414438 
96420271 
96428291 
96442968 
96470397 
96504523 
96508261 
96564414 
96595765 
96626226 
96649964 
96695236 
96838944 
96847537 
96848416 
96852610 
96860277 
96877890 
96900550 
96929239 
96984056 
96989292 
97045017 
97065273 
97100613 
97121081 
97152954 
97226300 
97258198 
97268307 
97300091 
97387900 
97393722 
97412407 
97460212 
97527344 
97551545 
97569616 
97572003 
97626993 
97656932 
97661579 
97739168 
97762655 
97804335 
97850475 
97904033 
97932076 
98040802 
98065517 
98087965 
98136647 
98147335 
98173759 
98199970 
98238626 
98254252 
98304981 
98383101 
98421350 
98439013 
98458870 
98505989 
98513559 
98543168 
98558041 
98564755 
98575596 
98586248 
98602752 
98602905 
98682844 
98688424 
98691402 
98706628 
98719442 
98834690 
98835565 
98847922 
98852986 
98872941 
98915878 
98987348 
99011693 
99053854 
99071363 
99111719 
99111719 
99167284 
99177044 
99190732 
99222880 
99237440 
99260658 
99279407 
99308880 
99316240 
99332451 
99410665 
99416538 
99441338 
99459748 
99477987 
99489895 
99490901 
99500558 
99513953 
99579629 
99601425 
99696050 
99730368 
99741225 
99746003 
99784241 
99870199 
99889622 
99918043 
99952481 
99978623 
99996508 
99998121 
100031801 
100038173 
100061983 
100092081 
100216207 
100218398 
100279669 
100286558 
100321732 
100389645 
100408142 
100454242 
100481268 
100494264 
100540704 
100575917 
100601466 
100609038 
100621591 
100634063 
100643708 
100654770 
100659610 
100705848 
100711683 
100733086 
100765061 
100786390 
100861813 
100907472 
100909276 
100967059 
101025633 
101044654 
101051346 
101065931 
101066020 
101148640 
101178620 
101205695 
101210959 
101221850 
101224578 
101247235 
101288453 
101322751 
101341159 
101361183 
101372766 
101385535 
101394635 
101406801 
101443856 
101448019 
101449641 
101450075 
101502614 
101519368 
101618119 
101649493 
101674985 
101707646 
101715559 
101716021 
101736517 
101740326 
101744733 
101791859 
101800103 
101842580 
101843797 
101884436 
101928995 
101944522 
101968089 
101972365 
101999515 
102071946 
102086778 
102135420 
102143906 
102163826 
102170310 
102213980 
102219981 
102235826 
102266394 
102273010 
102278839 
102281289 
102286559 
102316126 
102339358 
102353873 
102381737 
102405469 
102410921 
102425031 
102442975 
102463374 
102470245 
102473366 
102502392 
102504555 
102516372 
102528292 
102546928 
102573246 
102606453 
102617697 
102684595 
102712472 
102725356 
102784480 
102796676 
102825854 
102856440 
102867534 
102872770 
102891754 
102892782 
102922250 
102949028 
102971875 
102974743 
103067917 
103077652 
103094767 
103146090 
103196205 
103207099 
103207435 
103224480 
103230578 
103313509 
103354330 
103385949 
103390193 
103396701 
103407122 
103496494 
103550698 
103566257 
103595946 
103626548 
103628151 
103635139 
103670467 
103679212 
103685595 
103692145 
103751014 
103776662 
103789029 
103811367 
103814066 
103869134 
103895771 
103950613 
103964199 
103973196 
103995413 
103999041 
104043770 
104112447 
104117062 
104130877 
104166580 
104190991 
104214386 
104240512 
104248203 
104249008 
104256115 
104256687 
104259287 
104274657 
104304125 
104390114 
104395266 
104430930 
104441935 
104500643 
104506610 
104528018 
104539204 
104574896 
104588298 
104594202 
104633325 
104635053 
104658947 
104662766 
104718953 
104760852 
104773546 
104822102 
104854420 
104868114 
104915521 
104924284 
104994465 
105049824 
105054420 
105055832 
105099654 
105125265 
105146750 
105176638 
105188556 
105201712 
105212062 
105285670 
105293944 
105304007 
105304558 
105307696 
105309441 
105321507 
105336328 
105390853 
105422820 
105455302 
105455988 
105482606 
105498655 
105498818 
105518147 
105522444 
105539500 
105548070 
105548480 
105579433 
105651863 
105656710 
105665539 
105668593 
105687427 
105733932 
105764958 
105769831 
105876353 
105930830 
106000216 
106042551 
106048950 
106071992 
106089072 
106147102 
106162205 
106171095 
106182192 
106210629 
106214600 
106232054 
106262272 
106266365 
106282070 
106294744 
106341826 
106346177 
106392494 
106418553 
106444200 
106454405 
106458073 
106459316 
106513118 
106623311 
106631321 
106651797 
106654576 
106659053 
106661798 
106682779 
106686913 
106730853 
106764103 
106768829 
106769026 
106778980 
106802226 
106820931 
106842129 
106871274 
106906777 
106926415 
106940339 
106945176 
106970736 
107025621 
107028392 
107039726 
107041520 
107061410 
107080318 
107082552 
107109949 
107161920 
107207485 
107295827 
107333377 
107336621 
107349550 
107385208 
107403959 
107407587 
107408693 
107424911 
107471640 
107569986 
107628333 
107679593 
107699179 
107734728 
107741871 
107757116 
107798076 
107805722 
107807712 
107832273 
107909534 
107928415 
107973445 
108003156 
108033986 
108033986 
108083590 
108157219 
108230970 
108313017 
108324290 
108331208 
108338535 
108339931 
108481661 
108498172 
108537299 
108540710 
108542111 
108558355 
108597726 
108621146 
108657793 
108669176 
108672033 
108684065 
108688105 
108719792 
108719792 
108722471 
108726815 
108785367 
108795490 
108865497 
108899643 
108915275 
108988021 
108989354 
109026765 
109035553 
109070414 
109104234 
109163929 
109194135 
109210905 
109229138 
109242141 
109251850 
109313974 
109315631 
109324556 
109337179 
109402234 
109425009 
109531963 
109549134 
109569937 
109579683 
109586621 
109614513 
109636089 
109668056 
109676605 
109706370 
109714982 
109773334 
109819074 
109829320 
109831468 
109867915 
109937703 
109972008 
109972693 
109978510 
109980252 
109982687 
110043434 
110052953 
110063780 
110069468 
110069949 
110093971 
110143965 
110157223 
110185220 
110222573 
110232124 
110261016 
110269513 
110273699 
110329750 
110342940 
110352261 
110363071 
110369071 
110371786 
110385155 
110436236 
110556898 
110590743 
110622927 
110649445 
110650896 
110699407 
110705870 
110717614 
110721389 
110722259 
110743510 
110749536 
110787631 
110787638 
110865505 
110879232 
110879658 
110894793 
110910143 
110926940 
110945596 
111072011 
111097440 
111173435 
111206447 
111229764 
111233117 
111251793 
111271580 
111275827 
111308775 
111328561 
111344789 
111352071 
111359095 
111362134 
111373602 
111396942 
111419730 
111423258 
111470897 
111532092 
111570925 
111607002 
111642603 
111643392 
111644828 
111650837 
111727999 
111744432 
111760426 
111781093 
111785324 
111791831 
111800406 
111808213 
111812793 
111836307 
111842170 
111983794 
111988638 
112009145 
112020864 
112029221 
112091885 
112125447 
112152955 
112231254 
112253052 
112282248 
112380744 
112402152 
112467725 
112468821 
112476277 
112482690 
112530876 
112556705 
112593983 
112600764 
112602185 
112621872 
112690519 
112695029 
112697970 
112701385 
112722100 
112741111 
112757994 
112798786 
112808712 
112868592 
112901633 
112961674 
112969988 
112976898 
113035848 
113044476 
113074575 
113098057 
113106534 
113145711 
113155112 
113157809 
113176034 
113184124 
113186569 
113226569 
113242245 
113254172 
113256059 
113266449 
113269023 
113272305 
113303153 
113307037 
113311110 
113361853 
113366542 
113377576 
113407198 
113408433 
113417373 
113422026 
113437234 
113440040 
113478735 
113483536 
113486923 
113492384 
113510816 
113510831 
113512768 
113576383 
113597312 
113645751 
113712304 
113722986 
113737177 
113845477 
113845766 
113939079 
113950836 
113975741 
114026997 
114101062 
114113019 
114154507 
114230255 
114252322 
114262267 
114270525 
114272684 
114303132 
114319748 
114332904 
114336322 
114360754 
114370110 
114386200 
114400678 
114409646 
114417009 
114449104 
114470629 
114474962 
114506595 
114528071 
114534231 
114566720 
114571680 
114581872 
114601041 
114603525 
114618281 
114628145 
114630041 
114652869 
114653033 
114691825 
114719141 
114733179 
114816647 
114818335 
114840969 
114864708 
114897700 
114912421 
114917660 
114929571 
114933321 
114938934 
115001847 
115018217 
115021436 
115041448 
115056310 
115150668 
115165996 
115276126 
115291504 
115317007 
115328746 
115368220 
115464714 
115482501 
115490362 
115495155 
115520561 
115531847 
115630605 
115635706 
115639926 
115641076 
115656725 
115701658 
115701886 
115746091 
115746091 
115765933 
115814513 
115854378 
115941522 
115962405 
115962543 
115965542 
116023332 
116087360 
116093170 
116114024 
116128243 
116141898 
116155384 
116171343 
116253992 
116269561 
116291185 
116293699 
116369430 
116381937 
116428314 
116448257 
116464331 
116578584 
116587430 
116615293 
116661518 
116661590 
116670141 
116752448 
116753540 
116774026 
116794413 
116813493 
117012747 
117019863 
117021979 
117029169 
117046139 
117052887 
117054415 
117065902 
117073441 
117092762 
117097842 
117115627 
117170886 
117183563 
117218494 
117227600 
117233697 
117251460 
117256698 
117282738 
117285079 
117308266 
117320033 
117327573 
117412799 
117539116 
117582251 
117586468 
117608579 
117638872 
117641591 
117710070 
117755637 
117756807 
117811616 
117832649 
117850662 
117886142 
117901929 
117913458 
117956313 
117963641 
117968347 
118009878 
118025976 
118036291 
118056554 
118100391 
118144011 
118152341 
118170378 
118231317 
118238765 
118279506 
118287165 
118305670 
118306621 
118340366 
118403339 
118469004 
118507837 
118528078 
118561833 
118603159 
118623996 
118732790 
118747091 
118750445 
118764702 
118804820 
118825551 
118838661 
118901813 
118910564 
118952603 
119001020 
119026877 
119031090 
119031352 
119038721 
119114562 
119147237 
119151684 
119232814 
119256596 
119321199 
119382233 
119425866 
119472183 
119531276 
119556504 
119597260 
119601426 
119628171 
119661611 
119662972 
119687024 
119737433 
119752996 
119754508 
119876308 
119888742 
119904775 
119909974 
119962993 
119963142 
119979780 
119995445 
120000354 
120007190 
120084288 
120140807 
120144907 
120170279 
120190717 
120230494 
120265949 
120268928 
120274686 
120291368 
120306518 
120307193 
120308274 
120355796 
120396980 
120404312 
120406837 
120410886 
120417386 
120438456 
120438734 
120440318 
120444714 
120455163 
120459100 
120484710 
120508170 
120523800 
120550725 
120574015 
120604019 
120606622 
120626193 
120659433 
120671575 
120700291 
120716735 
120731733 
120761359 
120769340 
120789177 
120868726 
120922033 
120940160 
120948194 
120957749 
120985729 
120986331 
121063228 
121129201 
121156742 
121163581 
121166893 
121204971 
121225574 
121225667 
121227451 
121229583 
121283258 
121293479 
121302539 
121375359 
121380929 
121434326 
121441442 
121514801 
121529208 
121562477 
121563163 
121578484 
121616608 
121730154 
121844512 
121863491 
121867611 
121893865 
121913882 
121950730 
121955594 
121962556 
121985231 
121991136 
122000636 
122006543 
122007143 
122026122 
122040069 
122041721 
122105206 
122170932 
122171419 
122198681 
122235888 
122247679 
122252516 
122281210 
122305798 
122306603 
122315569 
122360501 
122400681 
122421867 
122438041 
122460945 
122472689 
122475905 
122484462 
122491607 
122584162 
122601772 
122635397 
122646974 
122704097 
122735321 
122745648 
122750210 
122775335 
122776357 
122803397 
122872074 
122890114 
122918429 
122938146 
122991230 
123005508 
123021584 
123046044 
123080181 
123132359 
123198121 
123239884 
123255908 
123270517 
123344733 
123353040 
123393830 
123399252 
123402233 
123433224 
123468195 
123476057 
123569167 
123590526 
123604900 
123615754 
123631413 
123658743 
123674078 
123692702 
123696283 
123777047 
123813352 
123886661 
123891286 
123898801 
123927003 
124003446 
124047105 
124051231 
124111126 
124135285 
124135839 
124148650 
124179719 
124216392 
124222237 
124235394 
124249341 
124252646 
124285413 
124291212 
124387509 
124397475 
124402531 
124402804 
124428757 
124436959 
124489475 
124526515 
124530576 
124538405 
124559099 
124582749 
124588214 
124590596 
124602814 
124614028 
124614244 
124616029 
124651818 
124688721 
124708213 
124726123 
124736183 
124817654 
124821056 
124851457 
124864373 
124877623 
124878640 
124894864 
124896298 
124948870 
124962182 
124991980 
125014071 
125035390 
125043191 
125047941 
125116299 
125134978 
125142381 
125198374 
125206116 
125214498 
125249175 
125254845 
125270510 
125382531 
125383477 
125400949 
125412707 
125471288 
125473143 
125480990 
125560981 
125564969 
125609667 
125622178 
125639479 
125645437 
125661326 
125665716 
125781988 
125834596 
125889140 
125926721 
125964339 
126057426 
126115278 
126164129 
126183476 
126185817 
126248593 
126284278 
126314869 
126317973 
126331946 
126343274 
126375070 
126396111 
126424241 
126507398 
126628491 
126637414 
126659067 
126686149 
126689955 
126717073 
126761673 
126794638 
126861311 
126870131 
126907728 
126925601 
126927841 
126950335 
126981270 
126982871 
126995353 
127014738 
127025416 
127072924 
127074351 
127113562 
127143667 
127243153 
127290591 
127306682 
127325863 
127348661 
127360509 
127367414 
127378206 
127392232 
127447903 
127452042 
127462267 
127495586 
127566296 
127589399 
127621404 
127636135 
127641802 
127714504 
127739245 
127770946 
127800463 
127834529 
127861009 
127883200 
127905181 
127965173 
127970934 
127986018 
127986134 
128002659 
128094607 
128231916 
128247682 
128258943 
128261287 
128315110 
128472745 
128491447 
128499761 
128507376 
128555111 
128567081 
128596106 
128663565 
128704797 
128754003 
128756321 
128756940 
128762225 
128821548 
128823683 
128865156 
128895086 
128915110 
128922661 
128931780 
128942581 
128948607 
129012753 
129030378 
129035223 
129068356 
129093425 
129108203 
129135785 
129162727 
129162960 
129169068 
129268448 
129310422 
129327129 
129414121 
129416198 
129427650 
129466885 
129481659 
129494550 
129504652 
129571430 
129582996 
129596456 
129640213 
129687334 
129716305 
129726970 
129742822 
129795669 
129811620 
129818195 
129859392 
129878884 
129887731 
129942218 
130011177 
130027500 
130029098 
130055595 
130063252 
130078628 
130081109 
130090889 
130142904 
130153054 
130158930 
130172398 
130199438 
130250825 
130295661 
130311519 
130352883 
130371798 
130380520 
130400942 
130421867 
130475961 
130493186 
130503761 
130526979 
130541247 
130577604 
130705085 
130733219 
130735659 
130760052 
130806022 
130889791 
130942181 
131046754 
131053188 
131082677 
131136512 
131183703 
131276400 
131300238 
131316164 
131344728 
131352376 
131358875 
131369753 
131382005 
131399289 
131470540 
131471941 
131483137 
131542814 
131634313 
131657518 
131678718 
131679143 
131685978 
131713346 
131713638 
131777335 
131816082 
131821780 
131849365 
131876754 
131893831 
131939882 
131947023 
131986105 
131996781 
132014354 
132044936 
132062238 
132134424 
132147933 
132161861 
132177234 
132203207 
132203310 
132219527 
132221724 
132222216 
132232349 
132235268 
132306072 
132316066 
132369056 
132369431 
132373143 
132374118 
132434374 
132451504 
132453452 
132499296 
132512304 
132520187 
132536343 
132540487 
132541457 
132570705 
132594270 
132603089 
132608678 
132670774 
132695547 
132711894 
132774994 
132803866 
132896978 
132968124 
133005242 
133092972 
133116487 
133220160 
133243071 
133357093 
133423522 
133495671 
133532820 
133547030 
133566666 
133588013 
133607038 
133628314 
133642930 
133651164 
133654617 
133673502 
133737425 
133739140 
133746547 
133824216 
133836130 
133855348 
133866831 
133880504 
133899046 
133958868 
133960423 
133968556 
133991354 
133994455 
134011011 
134074257 
134134891 
134146842 
134202218 
134222607 
134268819 
134308577 
134314757 
134341231 
134386727 
134446242 
134476212 
134525261 
134550077 
134556351 
134610389 
134622159 
134626080 
134647706 
134757059 
134799983 
134820783 
134827149 
134832528 
134868217 
134902190 
134910197 
134950242 
134953622 
135007276 
135007276 
135024023 
135049749 
135053775 
135084299 
135120356 
135120804 
135159933 
135166986 
135206006 
135210765 
135243303 
135247303 
135247560 
135307118 
135324403 
135329624 
135342345 
135467852 
135486073 
135491332 
135491515 
135498735 
135529665 
135533373 
135561458 
135619970 
135632852 
135648750 
135653184 
135790270 
135799071 
135815464 
135864039 
135865010 
