12944904 
19883630 
20387171 
24181787 
24521120 
27026985 
28316126 
28475703 
29062733 
30579202 
30784534 
31577632 
31676979 
31727241 
31817139 
31819411 
31878798 
31966228 
32020645 
32464725 
32536280 
33064167 
33189476 
33974526 
34076766 
34590690 
34696904 
35214070 
35305219 
35320387 
35346306 
35390208 
35440586 
35747364 
35767769 
36510969 
36838308 
37266360 
37458749 
37573688 
37649828 
37829528 
37975396 
38383892 
38391218 
38608260 
39281042 
39320301 
39548295 
39934856 
40451269 
40656041 
40661727 
40873394 
41013114 
41152298 
41690777 
41744968 
41914621 
42031831 
42094083 
42171595 
42232752 
42336689 
42543884 
42742067 
42815795 
42888672 
43222083 
43405762 
43595696 
43680108 
43759305 
44122960 
44141524 
44163247 
44343253 
44415631 
44739298 
44957419 
45203460 
45246868 
45603238 
46278255 
46341763 
46341763 
46537746 
46765162 
46801365 
46895881 
47429093 
47461644 
47468031 
47636533 
47669300 
47680735 
47685645 
47773208 
47798513 
48152333 
48598554 
48616534 
48634882 
49568939 
50103769 
50180582 
50343859 
50985025 
51103561 
51162621 
51314875 
51436575 
51660701 
51749586 
51759020 
51813182 
52155226 
52351950 
52381596 
52414911 
52482302 
52521849 
52642475 
52810979 
52818189 
52907836 
52965481 
53042596 
53054211 
53110838 
53134759 
53134986 
53226875 
53793066 
53824472 
53950962 
54051286 
54256280 
54462984 
54504467 
54648405 
54667141 
54775584 
54874709 
55001681 
55071329 
55229434 
55250074 
55284246 
55446179 
55628623 
55675433 
55879863 
55897074 
56122398 
56342381 
56428381 
56460035 
56685636 
56717842 
56884478 
56933712 
58152198 
58274945 
58485530 
58585574 
59005974 
59143577 
59158568 
59164724 
59180134 
59428272 
59746593 
59752094 
59823209 
59927576 
59928201 
60113797 
60127644 
60127644 
60138067 
60465695 
60794560 
61014969 
61027377 
61076422 
61121373 
61194299 
61225651 
61432773 
61792244 
61870916 
62312413 
62421505 
62520656 
62564175 
62600545 
63130935 
63131357 
63182225 
63259682 
63329780 
63411182 
63634903 
63642715 
64011963 
64194511 
64194690 
64519934 
64836139 
64849309 
64897790 
65062423 
65065213 
65073246 
65475735 
65632301 
65843279 
65963072 
66088681 
66332394 
66500949 
66681531 
66751292 
66967375 
67320112 
67375394 
67555426 
67588404 
67659020 
67662611 
67665515 
67779159 
67845434 
67944550 
67953500 
68037767 
68070248 
68080479 
68119874 
68153487 
68491176 
68896069 
68903428 
69005291 
69014675 
69032931 
69161756 
69309103 
69358943 
69439329 
69439329 
69826205 
69925043 
69926667 
70142503 
70217521 
70273217 
70284098 
70284478 
70377139 
70430239 
70496438 
70559090 
70672525 
70681891 
70808984 
70960474 
71010967 
71136537 
71383652 
71756933 
71783853 
71916872 
71969685 
72042881 
72080866 
72203245 
72239286 
72255242 
72319810 
72585835 
72676075 
72773871 
72875477 
73100785 
73141446 
73229844 
73331010 
73357139 
73426659 
73576774 
73779178 
73807487 
74002099 
74028190 
74146370 
74457096 
74522373 
74589391 
74623688 
74643041 
74704892 
74711589 
74791697 
74979533 
74979533 
75485432 
75529509 
75609935 
75889115 
75941758 
76018490 
76186651 
76294983 
76472289 
76574779 
76603825 
76817608 
76911693 
76976185 
77024264 
77082302 
77402076 
77445231 
77525919 
77615678 
77644051 
77760485 
77970569 
77981245 
78265124 
78644123 
78663616 
78830565 
79091840 
79209923 
79358865 
79374201 
79605139 
79775397 
79775397 
79936976 
79963449 
80013000 
80021938 
80134331 
80175579 
80234899 
80237550 
80246542 
80357626 
80370054 
80533583 
80552807 
80834397 
80923183 
81069748 
81167417 
81282307 
81767934 
82167333 
82167467 
82187074 
82215557 
82278676 
82404828 
82416775 
82447795 
82470476 
82610419 
82698266 
82710596 
82712826 
82769897 
82808872 
82962975 
82977953 
83422790 
83485300 
83574771 
83697275 
83802481 
83879830 
83917487 
83945583 
84060242 
84135690 
84155691 
84155795 
84224889 
84246319 
84602087 
84719934 
84820819 
84833221 
84837626 
84956834 
85086726 
85144842 
85264256 
85475895 
85480089 
85601298 
85831124 
85881035 
85924112 
85972791 
86008517 
86180588 
86241491 
86435402 
86472264 
86487934 
86598396 
86598609 
86623955 
86940750 
86942600 
87149067 
87181948 
87284836 
87284836 
87522762 
87537330 
87594184 
87629923 
87921095 
87943838 
87975376 
88138840 
88369055 
88443710 
88488333 
88597759 
88636582 
88828131 
88883617 
88941570 
88943990 
88978673 
89005403 
89078744 
89099845 
89181737 
89192327 
89213946 
89218656 
89288814 
89324052 
89395100 
89409280 
89582704 
89777946 
89812816 
89885429 
89911243 
90021440 
90051807 
90053698 
90086246 
90149623 
90218739 
90249943 
90249943 
90351257 
90511085 
90602838 
90606026 
90643532 
90761284 
90772726 
90787958 
90941347 
91017640 
91092979 
91109453 
91118420 
91135956 
91201499 
91307262 
91386413 
91386413 
91452763 
91473754 
91554691 
91681182 
91812983 
91828213 
91892013 
91940948 
91964699 
92026440 
92061214 
92074658 
92080235 
92178507 
92262439 
92416192 
92490764 
92500067 
92524054 
92571887 
92595001 
92718741 
92720434 
92737689 
92737689 
92851019 
92930350 
92930880 
92944276 
93028412 
93050716 
93050716 
93055560 
93272961 
93283900 
93354692 
93395228 
93398612 
93538504 
93627590 
93717466 
93879184 
93974025 
94095366 
94172821 
94229063 
94270494 
94304038 
94326040 
94335795 
94441359 
94493391 
94501588 
94603171 
94603699 
94635434 
94700704 
94701180 
94741293 
94804443 
94812896 
94982056 
95027465 
95056367 
95056947 
95119422 
95123693 
95141511 
95182164 
95301089 
95563392 
95590887 
95613118 
95678086 
95705380 
95744087 
95877944 
95920175 
95944367 
95983743 
96006991 
96037981 
96123572 
96167819 
96207690 
96232712 
96242532 
96264640 
96278096 
96307522 
96313585 
96414438 
96470397 
96564414 
96595765 
96695236 
96838944 
96848416 
96877890 
96900550 
96989292 
97045017 
97121081 
97152954 
97300091 
97393722 
97412407 
97527344 
97551545 
97626993 
97739168 
97762655 
97850475 
98040802 
98065517 
98136647 
98147335 
98173759 
98254252 
98439013 
98458870 
98558041 
98575596 
98586248 
98602905 
98691402 
98706628 
98719442 
98834690 
98835565 
98915878 
99053854 
99111719 
99111719 
99167284 
99222880 
99237440 
99316240 
99332451 
99410665 
99441338 
99477987 
99500558 
99579629 
99696050 
99741225 
99746003 
99952481 
99978623 
100031801 
100038173 
100092081 
100218398 
100286558 
100321732 
100389645 
100494264 
100634063 
100654770 
100659610 
100705848 
100711683 
100733086 
100765061 
100909276 
100967059 
101025633 
101051346 
101148640 
101210959 
101221850 
101224578 
101322751 
101341159 
101361183 
101394635 
101443856 
101449641 
101502614 
101618119 
101649493 
101707646 
101716021 
101843797 
101944522 
102071946 
102086778 
102163826 
102213980 
102219981 
102281289 
102405469 
102473366 
102502392 
102516372 
102573246 
102606453 
102617697 
102725356 
102796676 
102825854 
102856440 
102872770 
102891754 
102892782 
102949028 
102971875 
103067917 
103146090 
103207435 
103385949 
103390193 
103396701 
103407122 
103496494 
103595946 
103626548 
103670467 
103679212 
103685595 
103692145 
103751014 
103776662 
103789029 
103811367 
103814066 
103895771 
103950613 
103964199 
104043770 
104166580 
104214386 
104240512 
104248203 
104249008 
104256687 
104274657 
104441935 
104506610 
104594202 
104635053 
104662766 
104760852 
104773546 
104868114 
104924284 
104994465 
105049824 
105054420 
105146750 
105201712 
105285670 
105304007 
105304558 
105309441 
105336328 
105390853 
105422820 
105455988 
105498818 
105518147 
105539500 
105665539 
105668593 
105687427 
105930830 
106042551 
106048950 
106147102 
106162205 
106232054 
106266365 
106282070 
106346177 
106392494 
106418553 
106631321 
106686913 
106730853 
106764103 
106768829 
106820931 
107028392 
107039726 
107061410 
107080318 
107082552 
107109949 
107207485 
107336621 
107349550 
107408693 
107424911 
107471640 
107569986 
107628333 
107741871 
107832273 
107909534 
107928415 
107973445 
108003156 
108033986 
108033986 
108313017 
108338535 
108481661 
108657793 
108672033 
108688105 
108719792 
108719792 
108785367 
108795490 
108899643 
108915275 
108988021 
109035553 
109104234 
109194135 
109313974 
109315631 
109337179 
109402234 
109569937 
109579683 
109614513 
109668056 
109714982 
109773334 
109819074 
109831468 
109867915 
109972008 
109972693 
109978510 
109982687 
110043434 
110052953 
110069468 
110222573 
110232124 
110269513 
110273699 
110342940 
110352261 
110369071 
110371786 
110385155 
110436236 
110556898 
110649445 
110650896 
110717614 
110721389 
110787638 
110865505 
110879658 
110910143 
111251793 
111275827 
111308775 
111344789 
111352071 
111359095 
111362134 
111373602 
111470897 
111532092 
111570925 
111642603 
111643392 
111650837 
111727999 
111760426 
111781093 
111800406 
111812793 
111842170 
111983794 
111988638 
112009145 
112029221 
112152955 
112253052 
112282248 
112380744 
112402152 
112467725 
112468821 
112482690 
112602185 
112621872 
112697970 
112757994 
112798786 
112808712 
113044476 
113145711 
113155112 
113157809 
113176034 
113226569 
113242245 
113256059 
113269023 
113272305 
113303153 
113307037 
113361853 
113366542 
113407198 
113408433 
113437234 
113478735 
113483536 
113486923 
113510831 
113512768 
113737177 
114026997 
114101062 
114230255 
114272684 
114319748 
114370110 
114386200 
114449104 
114470629 
114474962 
114528071 
114601041 
114653033 
114691825 
114733179 
114816647 
114864708 
114897700 
114917660 
114933321 
114938934 
115001847 
115018217 
115041448 
115291504 
115328746 
115368220 
115482501 
115531847 
115639926 
115641076 
115656725 
115746091 
115746091 
115941522 
115965542 
116023332 
116093170 
116114024 
116141898 
116155384 
116253992 
116269561 
116381937 
116448257 
116464331 
116587430 
116615293 
116661518 
116661590 
116752448 
116774026 
116794413 
116813493 
117019863 
117029169 
117054415 
117092762 
117183563 
117227600 
117282738 
117285079 
117412799 
117582251 
117608579 
117638872 
117832649 
117901929 
117963641 
117968347 
118025976 
118036291 
118144011 
118152341 
118231317 
118279506 
118287165 
118305670 
118306621 
118507837 
118528078 
118623996 
118732790 
118747091 
118750445 
118825551 
118910564 
119001020 
119031352 
119114562 
119321199 
119382233 
119737433 
119752996 
119754508 
119876308 
119888742 
119904775 
119979780 
120140807 
120230494 
120268928 
120291368 
120307193 
120406837 
120438456 
120484710 
120574015 
120604019 
120606622 
120626193 
120659433 
120671575 
120700291 
120716735 
120761359 
120868726 
120948194 
120957749 
120985729 
120986331 
121063228 
121129201 
121166893 
121225667 
121227451 
121229583 
121283258 
121293479 
121375359 
121529208 
121563163 
121844512 
121867611 
121913882 
121962556 
121991136 
122006543 
122026122 
122198681 
122281210 
122360501 
122400681 
122438041 
122475905 
122584162 
122601772 
122635397 
122776357 
122803397 
122872074 
122890114 
122991230 
123021584 
123046044 
123132359 
123198121 
123255908 
123399252 
123433224 
123590526 
123604900 
123615754 
123658743 
123692702 
123696283 
123891286 
123898801 
124003446 
124047105 
124111126 
124135285 
124148650 
124222237 
124235394 
124285413 
124291212 
124387509 
124402531 
124489475 
124530576 
124538405 
124559099 
124582749 
124590596 
124602814 
124614028 
124616029 
124688721 
124736183 
124821056 
124877623 
124878640 
124896298 
124948870 
125142381 
125198374 
125249175 
125254845 
125383477 
125471288 
125473143 
125560981 
125609667 
125639479 
125665716 
125834596 
126057426 
126115278 
126183476 
126314869 
126317973 
126343274 
126396111 
126507398 
126628491 
126686149 
126717073 
126761673 
126861311 
126907728 
126925601 
126982871 
126995353 
127014738 
127025416 
203963685 
127072924 
127290591 
127325863 
127348661 
127367414 
127392232 
127452042 
127495586 
127589399 
127621404 
127636135 
127641802 
127714504 
127770946 
127800463 
127883200 
127905181 
127986018 
128002659 
128261287 
128472745 
128499761 
204027957 
204153595 
204197377 
128507376 
128567081 
128596106 
128704797 
128756321 
128895086 
128915110 
129012753 
129030378 
129108203 
129135785 
129162960 
129169068 
129416198 
129466885 
129504652 
129571430 
129582996 
129640213 
129742822 
129811620 
204197377 
204201188 
129818195 
129859392 
129887731 
130011177 
130027500 
130029098 
130081109 
130153054 
130158930 
130199438 
130311519 
130371798 
130380520 
130400942 
130421867 
130577604 
130735659 
130760052 
130806022 
131053188 
131136512 
131183703 
131344728 
131358875 
131382005 
131470540 
131471941 
131542814 
131634313 
131678718 
131679143 
131713638 
131777335 
131876754 
131893831 
131986105 
131996781 
132014354 
132062238 
132147933 
132177234 
132203207 
132203310 
132221724 
132222216 
132232349 
132235268 
132369431 
132512304 
132520187 
132536343 
132570705 
132594270 
132603089 
204197377 
204201188 
132608678 
132711894 
132803866 
132896978 
132968124 
133005242 
133116487 
133357093 
133423522 
133495671 
133532820 
133547030 
133607038 
133739140 
133866831 
133880504 
133899046 
133958868 
133960423 
133968556 
133991354 
134074257 
134134891 
134202218 
134268819 
134308577 
134341231 
134476212 
134799983 
134820783 
134868217 
134950242 
135007276 
135007276 
135049749 
135120356 
135210765 
135247560 
135307118 
135329624 
135342345 
135491332 
135491515 
135529665 
135632852 
135648750 
204197377 
204201188 
204214565 
204312160 
135799071 
135815464 
135864039 
135865010 
135931507 
135932324 
135983337 
136026044 
136064076 
136109348 
204389975 
136206159 
136248264 
136356707 
136425806 
136426617 
136521428 
136545757 
136624266 
136647215 
204420834 
136695248 
136797417 
136803402 
136931559 
137003403 
137266001 
137366594 
137563021 
204420834 
137636375 
137657986 
137737281 
137747343 
137750055 
137773877 
137849854 
137851968 
137898834 
204432939 
138014719 
138084946 
138087464 
138341371 
138493920 
138527535 
138638764 
138670095 
138685237 
138729362 
138864154 
138884120 
138903725 
138995207 
139016190 
139161691 
139184777 
139220146 
139302184 
139315062 
139349848 
139386393 
139459656 
139495067 
139499732 
139514786 
139556534 
139619793 
139701394 
139767463 
139825625 
139924243 
139949978 
139976370 
139977992 
140147783 
140332152 
140390449 
140423383 
140451364 
140457263 
140482736 
140486932 
140550097 
140555092 
140564663 
140598331 
140684606 
140864523 
140940706 
140949937 
141078586 
141224372 
141265413 
141365522 
141428059 
141516621 
141586615 
141595703 
204420834 
141701338 
141701338 
141709010 
141715179 
141835779 
141889086 
142010953 
142161886 
142232666 
204432939 
142261476 
142273566 
142337784 
142345781 
142366561 
142383555 
142385477 
142400826 
142403910 
204454430 
142445545 
142447445 
142487982 
142527071 
142617255 
142665065 
142670944 
142679728 
204454430 
142697936 
142776266 
142849091 
143056168 
143124423 
143159572 
143387735 
143457006 
204497052 
143725115 
143899042 
143913035 
143977468 
144010917 
144251742 
144275752 
144329423 
144344928 
204556562 
144386321 
144397699 
144469917 
144487007 
144551192 
144624493 
144682309 
144707197 
144707197 
144777934 
144800987 
144935780 
144973417 
144975197 
204608461 
204619685 
145054901 
145103924 
145311095 
145319445 
145616753 
204648635 
204726766 
204815393 
145638795 
145707510 
145759427 
145808989 
145820577 
146074736 
146136429 
204887945 
204899756 
146191804 
146264736 
146312947 
146407650 
146561114 
146591394 
146774390 
146774390 
146826007 
146922820 
146927380 
146975511 
146980251 
147094881 
147213528 
147293239 
204899756 
147374074 
147399847 
147423574 
147432276 
147455904 
204964704 
205262211 
205278041 
147457634 
147470580 
147523606 
147531196 
147569090 
147799997 
147802367 
147860957 
147860957 
147975449 
147980935 
148076450 
148090717 
148187047 
148208338 
205278041 
148252561 
148319108 
148345792 
148364160 
205281890 
205288330 
205348964 
205419160 
148395196 
148468298 
148583683 
148696886 
205585920 
205632382 
205702411 
148717106 
148823619 
148836641 
149011613 
149052167 
149191667 
149284427 
149312989 
149507576 
149510473 
149543620 
149562073 
149607159 
149607640 
149663402 
149683455 
149740475 
149775360 
149979764 
150020262 
150026034 
150028534 
150061712 
150099943 
150116632 
150141505 
150265844 
150285615 
150307244 
150307821 
150326965 
150361599 
150395617 
150502258 
150627342 
150700308 
150736865 
150808888 
150902895 
150944111 
150965205 
151012395 
151139941 
151210645 
151351302 
151554720 
151576110 
151736918 
151746401 
151866668 
151961063 
151982508 
152050851 
152092099 
152115226 
152208214 
152221218 
152336699 
152429661 
152450461 
152483542 
152562684 
152587859 
152602560 
152611295 
152684278 
152698485 
152729854 
152784510 
152799889 
152851898 
152899815 
153077967 
153215255 
153236945 
153258199 
153290151 
153419818 
153433305 
153577799 
153686998 
153730196 
153791656 
153915424 
153963349 
153977309 
154047388 
154058608 
154066757 
154136345 
154157752 
154197260 
154292509 
154354871 
154402164 
154444444 
154558953 
154567599 
154654316 
154850881 
154863632 
154880855 
154885554 
155011021 
155080777 
155202687 
155249076 
155392812 
155416683 
155558519 
155589750 
155647871 
155653742 
155735964 
155845689 
155881095 
156030204 
156120431 
156227109 
156333856 
156336810 
205419160 
205585920 
156374216 
156455752 
156475159 
156512801 
156625081 
156638062 
156705031 
156843963 
156851109 
156889160 
156989351 
156993265 
205632382 
157070059 
157097785 
157139400 
157152439 
157193285 
157261806 
157279146 
157328450 
157369049 
157447707 
157460211 
157500703 
157514071 
157604222 
157652012 
157753143 
157931486 
157979940 
158014048 
158236601 
158249418 
158251542 
158285239 
158369114 
158450021 
158619254 
158635113 
158687729 
158719256 
158726720 
158737585 
158748777 
158765329 
158807039 
158837400 
158881869 
158975691 
159122023 
159151960 
159158830 
159262400 
159277843 
159409740 
159536616 
159542635 
159550131 
205585920 
159556359 
159588293 
159690654 
159725373 
159797251 
159840953 
159899100 
159923491 
159932652 
160018404 
160037039 
160067000 
160249958 
160269770 
160284763 
160293559 
160309914 
205632382 
160366069 
160378618 
160442745 
160451787 
160641126 
160691931 
160806782 
160975201 
161080372 
161133303 
161134433 
161134617 
161188113 
161398136 
161421711 
161427769 
161433238 
161479115 
161486718 
161522820 
161567321 
161601044 
161645118 
161886160 
161891209 
161904764 
161998084 
162006526 
162074107 
162076142 
162084520 
162118350 
162142144 
162158990 
162168007 
162168909 
162230923 
162246147 
162313582 
162325974 
205585920 
205632382 
205702411 
162339079 
162354795 
162373270 
162373985 
162449940 
162558917 
162611768 
162744976 
162929997 
163092379 
163151263 
163272887 
163283402 
163336361 
163359950 
163424536 
163463933 
163565292 
163618246 
163626749 
163660745 
163745528 
163967898 
163997746 
164057159 
164110310 
164114365 
164115438 
164131021 
164223190 
164232396 
164250581 
164275178 
164410814 
164424802 
164449013 
164454503 
164456944 
164458037 
164462774 
164588013 
164639931 
164660746 
164718101 
164763419 
164769349 
164811495 
164971589 
165181501 
165186274 
165216257 
205702411 
205711922 
165312501 
165370655 
165375111 
165449586 
165642802 
165890668 
165977671 
165983662 
166015941 
166058177 
166137130 
205711922 
166274616 
166296697 
166304438 
166590447 
205718898 
205840967 
166611564 
166633425 
166666256 
166681115 
166718774 
166807520 
166818466 
166847268 
167012025 
167084812 
167120001 
167140367 
167348380 
205874526 
167412693 
167460598 
167482050 
167671709 
167701765 
167729777 
167786384 
167796491 
167799126 
167844724 
167866697 
167918467 
167923842 
168132600 
168233513 
168259681 
168263652 
168279288 
168301596 
168366807 
168382140 
168394262 
168438100 
168459115 
168465773 
168491900 
168544784 
168577911 
168625376 
168668968 
168708857 
168723728 
168960051 
169026175 
169094025 
169097545 
169147312 
169242930 
169296381 
169353006 
169440355 
169508525 
169528069 
169567559 
169631249 
169636721 
169644930 
169784993 
169803747 
169817005 
169921810 
169982484 
170034913 
170179764 
170242848 
170257960 
170257960 
170262244 
170268913 
170324970 
170361917 
170399790 
170470694 
170577623 
170598709 
170638395 
170659551 
170686032 
170699260 
170711772 
170891754 
170912949 
170925168 
170944109 
170953833 
171068405 
171093473 
171114322 
171145835 
171163201 
171307339 
171308013 
171322383 
171344606 
171371696 
171371696 
171490107 
171682874 
171697417 
171716534 
171997614 
172039296 
172091046 
172191113 
172347962 
172354906 
172379578 
172424609 
172451880 
172465680 
172470936 
172473822 
172524545 
172554210 
172567766 
172625040 
172680270 
172696471 
172820116 
172946068 
173012270 
173100704 
173117570 
173165999 
173193013 
173266357 
173296621 
173324681 
173426835 
173449082 
173534211 
173628670 
173680136 
173752417 
173775272 
173789058 
173825867 
173851392 
173866533 
173883158 
174029344 
174068840 
174102674 
174137326 
174183180 
174183437 
174226011 
174325955 
174605160 
174632722 
174693864 
174760974 
174810634 
174883419 
174891563 
174915634 
174944468 
175020016 
175023191 
175052188 
175115538 
175236047 
175244685 
175253878 
175303564 
175304298 
175320388 
175321843 
175339088 
175343383 
175358477 
175399395 
175405473 
175512431 
175609609 
175713134 
175814340 
175839963 
175847613 
175891463 
175975475 
176030737 
176098701 
176116949 
176251106 
176255186 
176255713 
176261375 
176273009 
176281532 
176364650 
176376087 
176399072 
176422507 
176430664 
176432734 
176453060 
176521633 
176567890 
176601324 
176646115 
176701948 
176804217 
176846391 
176887988 
177055821 
177144911 
177179716 
177301250 
177331908 
177353867 
177401385 
177430696 
177458349 
177481491 
177690189 
177725159 
177749109 
177765512 
177808996 
177809900 
177976593 
178011994 
178107611 
178131442 
178198986 
178203737 
178220421 
178223893 
178223893 
178223893 
178248495 
178253968 
178274369 
178321869 
178343391 
178465103 
178621618 
178744316 
178792066 
178865056 
178876760 
178924401 
178934549 
178971759 
178971759 
178972589 
179044689 
179126940 
179136032 
179219901 
179440244 
179535619 
179774851 
179783509 
179819282 
180014364 
180020139 
180204979 
180256454 
180277519 
180277818 
180407056 
180414291 
180480881 
180502106 
180524146 
180530021 
180534671 
180615651 
180618257 
180659030 
180660071 
180660883 
180736170 
180820703 
180826319 
180851720 
180923669 
180931707 
181051350 
181090622 
181107776 
181176991 
181191015 
181206231 
181222212 
181295771 
181320862 
181335016 
181341722 
181442499 
181484322 
181488117 
181517409 
181549840 
181589746 
181655193 
181669617 
181796067 
181875919 
181974566 
181975568 
181976841 
181987626 
182059798 
182071841 
182347509 
182368212 
205348964 
205419160 
182439216 
182456645 
182623611 
182657883 
182685720 
182865917 
182947443 
182956200 
205585920 
205632382 
182970457 
183029500 
183076628 
183089030 
183110775 
183181568 
183244475 
183336077 
183383549 
183393439 
183454941 
183507053 
183578228 
183578228 
183835139 
183856389 
183979508 
184040659 
184066136 
184136542 
184286106 
184290830 
184328802 
184371143 
184413388 
184459419 
184547044 
184657570 
184680441 
205632382 
184703110 
184894873 
205702411 
205711922 
184960467 
185048357 
185137184 
185169725 
185172946 
185240348 
185253332 
185284125 
205718898 
205840967 
205874526 
206063490 
206177489 
185430725 
185461544 
185512399 
185512683 
185552777 
185617351 
185642455 
185650380 
185783542 
185839314 
185862266 
185878274 
185910050 
185986279 
186126230 
186130438 
186150001 
186162085 
186209054 
186286506 
186310853 
186364966 
186390091 
186487452 
186495162 
186514059 
186527668 
186531339 
186592732 
186606047 
186633465 
186640922 
186783394 
186921865 
186989143 
187057865 
187157321 
187191873 
187213541 
187278567 
187280714 
187287667 
187306540 
187369026 
187377619 
187408803 
187413885 
187443713 
187490069 
187492728 
187548564 
187818545 
187875351 
187878790 
187905661 
187912927 
187914762 
187931046 
187948267 
187994892 
188020608 
188077597 
188088875 
188123460 
188160187 
188188573 
188209965 
188244649 
188374249 
188387046 
188388528 
188450080 
188455428 
188545617 
188614667 
188748423 
188765528 
188820168 
188829035 
188840186 
188855166 
188899201 
188922232 
189034941 
189048354 
189084981 
189105680 
189170889 
189192001 
189198179 
189247994 
189383330 
189680587 
189696913 
189797536 
189825354 
189944948 
189989308 
189997023 
190083262 
190093301 
190206144 
190359467 
190403978 
190417972 
190510651 
190775062 
191091878 
205840967 
205874526 
206063490 
191273309 
191274515 
191331768 
191372563 
191382804 
191448725 
191488323 
191572430 
191690104 
191715881 
191916470 
191943407 
191950746 
191962046 
191988640 
192003891 
192032025 
192155094 
192271330 
192299407 
192389241 
192406240 
192411258 
192413143 
192424593 
192443948 
192496157 
192514761 
192528145 
192710470 
192752468 
192869780 
192890137 
193001152 
193033232 
193056438 
193127936 
193147903 
193187179 
193249169 
193332571 
206063490 
193335243 
193402593 
193414906 
193424892 
193452051 
193605220 
193624007 
193650954 
193656167 
193663389 
193715473 
193788308 
193838788 
193894766 
193897281 
194121481 
194288333 
206063490 
194371273 
194570808 
194785104 
194971777 
195014119 
195015809 
195039049 
195047432 
195047738 
195062855 
195172736 
195184959 
195245101 
195252566 
195268354 
195379958 
195457446 
195464368 
195562457 
195595218 
195607806 
195662139 
195668730 
195746269 
195799693 
195814808 
195926443 
195951732 
195965368 
195996505 
196014537 
196018139 
196079373 
196096126 
206063490 
196134738 
206177489 
196166279 
206230748 
206256058 
196167244 
196233674 
196236525 
196267292 
196446046 
196551143 
196619010 
196646142 
196654338 
196664563 
196790674 
196806505 
196894654 
196985982 
196989494 
197003179 
197095388 
197108881 
197232698 
197313454 
206256058 
197384864 
197387317 
197388045 
197390361 
197421102 
197468833 
197469631 
197479474 
197498050 
197511451 
197514943 
197694058 
197902199 
197938352 
197951925 
206281993 
197977064 
198027638 
206281993 
206281993 
198154392 
198191186 
198422740 
198425024 
198582941 
198677257 
198857852 
198864421 
198906566 
198973143 
199116371 
206281993 
206358401 
206465355 
199247450 
199257291 
199336400 
199352958 
199357341 
199398135 
199417983 
199446597 
199722687 
199801553 
199925005 
199940961 
199961939 
200186214 
200252700 
200276424 
200306198 
200313700 
200339065 
200400125 
206465355 
206465355 
200521929 
200540184 
200557840 
200626827 
200813819 
200935393 
200986706 
201023697 
201253414 
201327211 
201360141 
201489270 
201507582 
201529605 
206465355 
206465355 
206515438 
206520603 
201556109 
201575049 
201611665 
201669753 
201678902 
201683538 
201796438 
202001384 
202003298 
202009318 
202048919 
202127192 
202181055 
202322269 
202403356 
202423535 
202430939 
202436696 
202457358 
202468029 
202485132 
202496910 
202560760 
202567139 
202640053 
202697378 
202873867 
203072764 
203117807 
206520603 
203133575 
206520603 
203229782 
203252036 
203275975 
203302610 
203390318 
203401502 
203482327 
203494294 
203546797 
203569738 
203626052 
203626338 
203629222 
203642154 
203656762 
203676499 
203760583 
203997160 
204017574 
204039069 
204155061 
204232281 
204237061 
204295249 
204300570 
204352383 
204436386 
204451621 
204589861 
204668065 
204678187 
204697979 
206520603 
204744860 
204782485 
204850672 
204871918 
204897024 
205062191 
205216223 
205242549 
205328099 
205390092 
205420288 
205482470 
205514861 
205559127 
205573459 
205605972 
205617393 
206520603 
205652279 
205662427 
205753318 
205837648 
205855535 
205990504 
205996264 
206011592 
206278275 
206331049 
206392916 
206417139 
206419157 
206501391 
206520603 
206534272 
206545704 
206556055 
206582365 
206593119 
206612996 
206658750 
206659511 
206672362 
206675685 
206680671 
206680671 
206680671 
206699254 
206732102 
206763436 
206767316 
206784343 
206798441 
206833736 
206864839 
206887133 
206904414 
206904414 
206904414 
206904414 
206904414 
206930058 
206930058 
206949503 
206949503 
206953215 
206953215 
207045507 
207072033 
207072033 
207237289 
207264585 
207322585 
207326874 
207344510 
207351047 
207358907 
207363558 
207366077 
207375937 
207412228 
207416343 
207416343 
207498136 
207498136 
207565748 
207585624 
207614799 
207614799 
207659276 
207659276 
207674289 
207733674 
207733674 
207742009 
207750465 
207759598 
207759598 
207836179 
207862167 
207862167 
207893039 
207893039 
207893039 
207944781 
207944781 
207944781 
207944781 
207950009 
207952168 
207962737 
207962737 
207962737 
207987398 
208013306 
208014416 
208014416 
208024871 
208024871 
208024871 
208024871 
208032786 
208048858 
208048858 
208048900 
208082584 
208082584 
208082584 
208082584 
208082584 
208085277 
208085277 
208085277 
208085277 
208087291 
208098975 
208171881 
208208076 
208246745 
208247842 
208249489 
208253220 
208263423 
208315901 
208361637 
208372338 
208381735 
208411071 
208432131 
208462699 
208475815 
208487982 
208509799 
208605060 
208609908 
208761327 
208769888 
208864776 
208883638 
208884248 
208930818 
209054864 
209094045 
209149874 
209151553 
209202222 
209233523 
209235059 
209249547 
209268954 
209305307 
209310736 
209324695 
209331712 
209336739 
209371446 
209378120 
209382061 
209382061 
209393591 
209407516 
209407516 
209407516 
209428228 
209434164 
209525539 
209547428 
209588037 
209654040 
209727449 
209747482 
209747482 
209755324 
209759029 
209794936 
209834660 
209834660 
209894874 
209895291 
209937921 
209957517 
210004294 
210088707 
210094998 
210114604 
210146925 
210184162 
210230417 
210235902 
210253986 
210335529 
210336306 
210346190 
210361599 
210373145 
210373145 
210373145 
210373145 
210373337 
210430758 
210485867 
210499129 
210508289 
210527628 
210548903 
210559729 
210561978 
210573605 
210575192 
210576794 
210632913 
210696078 
210705074 
210738320 
210738320 
210738320 
210755152 
210756316 
210803408 
210823072 
210827997 
210827997 
210858186 
210867904 
210867904 
210867904 
210887215 
210903396 
210919230 
210962959 
210983626 
210992257 
210992257 
211069822 
211079900 
211086701 
211107388 
211122720 
211195462 
211264210 
211290318 
211364393 
211388569 
211409115 
211442536 
211466344 
211490088 
211521320 
211539409 
211541598 
211577690 
211615880 
211637427 
211655980 
211664785 
211666406 
211696016 
211703731 
211727623 
211756292 
211757321 
211781718 
211822918 
211826223 
211841876 
211916117 
211916516 
211927575 
211941245 
211968282 
212026096 
212040261 
212094860 
212096087 
212141898 
212174082 
212208654 
212269472 
212285550 
212381035 
212425780 
212427164 
212454009 
212583624 
212593864 
212613930 
212642947 
212666036 
212669953 
212679186 
212766979 
212768548 
212780787 
212792070 
212800853 
212820341 
212869186 
212873034 
212882741 
212884244 
212891580 
212907956 
212933617 
212995273 
213104132 
213160013 
213169735 
213173068 
213276847 
213301440 
213313755 
213353105 
213374489 
213385989 
213406192 
213413792 
213414244 
213438785 
213460987 
213460987 
213466112 
213484427 
213544835 
213563849 
213570916 
213591830 
213592656 
213615623 
213625974 
213631593 
213633250 
213653069 
213679448 
213707725 
213714336 
213731733 
213779332 
213791474 
213813486 
213817901 
213825554 
213869141 
213877925 
213887993 
213900688 
213900688 
213900688 
213917783 
213928545 
213981779 
214016647 
214063127 
214070641 
214070641 
214070641 
214071299 
214076938 
214104681 
214109384 
214270066 
214336303 
214449768 
214502268 
214529863 
214530079 
214541974 
214690728 
214690728 
214691739 
214691739 
214691739 
214695283 
214732576 
214740062 
214779673 
214779673 
214779673 
214779673 
214779673 
214780910 
214828887 
214845842 
214863545 
214919054 
214956609 
214975057 
214998493 
215042152 
215119906 
215145300 
215164276 
215281702 
215288975 
215305873 
215337998 
215347386 
215367079 
215392539 
215393355 
215400265 
215444416 
215494521 
215509283 
215575272 
215588150 
215715676 
215767374 
215775957 
215783312 
215792197 
215876320 
215886213 
215916463 
215940188 
215995778 
216002469 
216024045 
216028995 
216041057 
216086413 
216113366 
216117993 
216128574 
216187021 
216191799 
216194770 
216230753 
216298508 
216301070 
216314287 
216335919 
216357695 
216360746 
216432099 
216496405 
216556951 
216599451 
216606795 
216671718 
216682483 
216696528 
216697171 
216729758 
216729758 
216729758 
216729758 
216729758 
216740085 
216765781 
216777551 
216787374 
216817027 
216843445 
216847165 
216887914 
216948691 
217065579 
217076137 
217079297 
217163368 
217196655 
217200664 
217219894 
217226983 
217248322 
217382573 
217391234 
217432144 
217432144 
217473053 
217484525 
217498111 
217556228 
217569669 
217584162 
217589144 
217592333 
217592333 
217615874 
217622176 
217666163 
217675997 
217688776 
217710882 
217713032 
217724996 
217725863 
217808619 
217813756 
217825236 
217891999 
217896646 
217904285 
217914513 
217964394 
218028029 
218072950 
218073228 
218099608 
218182788 
218185184 
218195144 
218208744 
218213557 
218236333 
218237100 
218251729 
218272319 
218272319 
218284344 
218340874 
218403608 
218403608 
218430584 
218430584 
218430584 
218509046 
218515172 
218586594 
218592339 
218593038 
218594616 
218601767 
218637892 
218649607 
218657075 
218676615 
218699669 
218731412 
218755561 
218767480 
218786962 
218814576 
218823920 
218852879 
218852879 
218857860 
218884239 
218892366 
218930406 
218969717 
219031690 
219031690 
219067769 
219067769 
219067769 
219085990 
219120366 
219240849 
219248708 
219287803 
219324046 
219365262 
219468560 
219474197 
219574927 
219631269 
219698672 
219698672 
219698672 
219702484 
219713779 
219747358 
219749246 
219765392 
219768069 
219768069 
219792413 
219816238 
219838174 
219838174 
219838174 
219874243 
219911782 
219951035 
219984731 
220135123 
220135324 
220136606 
220150127 
220212774 
220212774 
220212774 
220212774 
220212774 
220264080 
220269621 
220300353 
220386548 
220430569 
220460794 
220521242 
220556154 
220557190 
220574746 
220601308 
220603158 
220714725 
220727974 
220754018 
220789397 
220797194 
220829028 
220849993 
220940993 
220967970 
220978751 
220991939 
220991939 
221010034 
221010034 
221011615 
221017434 
221022563 
221044209 
221051623 
221150073 
221188972 
221210186 
221261895 
221291470 
221336669 
221412111 
221415077 
221419653 
221466465 
221559297 
221575072 
221581356 
221581356 
221584794 
221588218 
221594394 
221629562 
221651245 
221704920 
221706248 
221729516 
221744375 
221771000 
221786392 
221797777 
221816588 
221816588 
221849821 
221850819 
221861129 
221869641 
221914293 
221926360 
221932092 
221939057 
221950643 
221959135 
221974822 
221988421 
222002181 
222023188 
222079195 
222210829 
222288819 
222343090 
222366926 
222525331 
222557457 
222595903 
222672036 
222724736 
222746263 
222866401 
222892003 
222895360 
222943576 
222961269 
222988095 
222990980 
223011261 
223051414 
223054261 
223085066 
223092077 
223092462 
223105813 
223107128 
223127903 
223142397 
223153403 
223159799 
223225940 
223305341 
223322420 
223387767 
223415364 
223424383 
223432258 
223432258 
223440134 
223445316 
223457090 
223472700 
223513841 
223539264 
223614084 
223614084 
223699270 
223761687 
223784060 
223800938 
223803318 
223804633 
223804633 
223804633 
223804633 
223804633 
223840043 
223862421 
223884202 
223892811 
223964348 
223990640 
224017048 
224018932 
224062429 
224100724 
224242244 
224257264 
224263681 
224275607 
224322457 
224350191 
224355269 
224359608 
224373262 
224386862 
224389334 
224408010 
224475946 
224486233 
224525337 
224621880 
224632735 
224633081 
224643704 
224696182 
224706848 
224724599 
224752600 
224761303 
224774911 
224846901 
224849730 
224860927 
224875277 
224875554 
224921162 
224937159 
224937159 
224963680 
224985442 
224986644 
224991537 
224996279 
224997812 
224997812 
224997812 
224997812 
225048807 
225061120 
225073991 
225101051 
225146853 
225181069 
225181069 
225181069 
225244150 
225259976 
225306866 
225354972 
225357115 
225382119 
225408765 
225511398 
225530555 
225544798 
225557199 
225557301 
225595521 
225639073 
225643294 
225645559 
225648268 
225708056 
225714790 
225717803 
225728479 
225802110 
225802250 
225806518 
225862541 
225895619 
225906410 
225916147 
225916147 
225928237 
225995956 
226101941 
226147458 
226169483 
226169767 
226177142 
226186158 
226188769 
226192438 
226200011 
226227519 
226230809 
226237931 
226249100 
226266146 
226335710 
226341509 
226385161 
226396508 
226397962 
226409073 
226444553 
226509184 
226510944 
226521274 
226566608 
226570652 
226584562 
226713922 
226717308 
226815048 
226834151 
226892193 
226898494 
226913139 
226943470 
226955981 
226961982 
226994807 
226994807 
226994807 
227030532 
227065946 
227083762 
227085896 
227179391 
227186769 
227211304 
227218733 
227221553 
227246950 
227268329 
227333660 
227336186 
227350794 
227367191 
227375634 
227416034 
227423433 
227465917 
227484418 
227500600 
227526860 
227587611 
227609078 
227622733 
227699251 
227702404 
227789007 
227806048 
227828411 
227899372 
227899442 
227909392 
227916438 
227925198 
227943313 
228028874 
228055412 
228056248 
228073779 
228091442 
228161974 
228183640 
228191787 
228208108 
228243200 
228262153 
228276012 
228276320 
228302133 
228374253 
228379384 
228379517 
228390185 
228424377 
228452761 
228466595 
228477868 
228489688 
228521664 
228541953 
228556573 
228559556 
228570592 
228571551 
228580252 
228604427 
228629049 
228674376 
228736148 
228736728 
228757241 
228785676 
228805107 
228817047 
228831366 
228838217 
228840915 
228848140 
228861650 
228868365 
228905954 
228926281 
228929050 
228972244 
228989580 
228993137 
229011689 
229013127 
229059136 
229118598 
229172852 
229212418 
229214866 
229299975 
229315941 
229326649 
229353221 
229432917 
229441682 
229486115 
229498937 
229504335 
229519869 
229520565 
229520689 
229521629 
229527114 
229644683 
229704978 
229705349 
229709913 
229724398 
229734242 
229775505 
229803399 
229804744 
229808856 
229813509 
229818647 
229847819 
229857264 
229889497 
229921475 
229924185 
229966292 
229989041 
230048863 
230115519 
230219234 
230226929 
230259012 
230317006 
230353374 
230366834 
230392510 
230402068 
230418865 
230423068 
230471221 
230471541 
230537561 
230580540 
230590718 
230617598 
230697241 
230786533 
230839930 
230843509 
230872398 
230908699 
230922716 
230992106 
231039805 
231052311 
231097634 
231113607 
231145254 
231156840 
231177222 
231192962 
231195914 
231226158 
231232745 
231275383 
231311377 
231396660 
231411639 
231428432 
231590691 
231612321 
231617396 
231705579 
231881723 
231931296 
231960631 
231968218 
231996971 
231998581 
232087533 
232102436 
232117732 
232128033 
232142514 
232173029 
232192566 
232196388 
232198863 
232219032 
232219032 
232294906 
232305491 
232315314 
232320954 
232338017 
232359412 
232361682 
232369159 
232387148 
232395300 
232404996 
232436241 
232437694 
232459560 
232479972 
232491314 
232500614 
232501670 
232538422 
232548909 
232554201 
232598194 
232622061 
232631019 
232632493 
232657581 
232783008 
232785804 
232795600 
232808576 
232820124 
232838672 
232850773 
232907456 
232933968 
232941444 
232995668 
233000959 
233032450 
233039210 
233050551 
233070976 
233077626 
233080593 
233081433 
233084644 
233136952 
233146807 
233190739 
233224263 
233225633 
233226508 
233241287 
233244885 
233253379 
233289245 
233298428 
233332791 
233357704 
233373816 
233390355 
233426325 
233439763 
233462025 
233462409 
233507470 
233530741 
233531692 
233564817 
233637665 
233679852 
233697008 
233712000 
233771833 
233772942 
233810016 
233815748 
233845011 
233853635 
233859452 
233870741 
233889120 
233923979 
233938535 
233994042 
234036970 
234044651 
234053358 
234114031 
234118951 
234168683 
234199257 
234217636 
234257375 
234293731 
234308797 
234350491 
234450351 
234560114 
234578623 
234601769 
234628185 
234654927 
234656721 
234683579 
234708973 
234748915 
234815998 
234866931 
234882163 
234885208 
234907135 
234933936 
234941919 
234943459 
235026000 
235026256 
235039466 
235105883 
235134193 
235150019 
235152277 
235155621 
235201414 
235203712 
235255120 
235280688 
235295053 
235317719 
235321115 
235399821 
235417251 
235459000 
235465345 
235531739 
235537361 
235542903 
235563571 
235600657 
235612274 
235655266 
235663771 
235675004 
235694896 
235696000 
235722323 
235729747 
235766316 
235789177 
235824701 
235868552 
235880186 
235884615 
235979456 
236056682 
236066648 
236092136 
236104959 
236224422 
236248882 
236252155 
236270986 
236275061 
236283641 
236303407 
236304243 
236336816 
236435755 
236452247 
236518580 
236519523 
236560644 
236602570 
236609113 
236625666 
236640804 
236685448 
236727621 
236753252 
236796918 
236799702 
236815164 
236850398 
236853732 
236873257 
236885922 
236892263 
236940312 
236959814 
236967438 
237020089 
237031904 
237070089 
237076275 
237091268 
237117998 
237120255 
237185734 
237188687 
237235266 
237276679 
237333519 
237347330 
237357680 
237365301 
237381280 
237458041 
237462184 
237465938 
237574398 
237576355 
237687766 
237790402 
237837009 
237878714 
237892870 
237899093 
237903536 
237926349 
237955286 
238000842 
238042129 
238085940 
238177933 
238212235 
238253090 
238339408 
238342912 
238371729 
238397662 
238437689 
238466837 
238496816 
238526172 
238556517 
238579853 
238584555 
238598725 
238610622 
238632298 
238801726 
238804997 
238809277 
238849933 
238861993 
238863268 
238927929 
238946808 
238953399 
239087630 
239130844 
239156869 
239157572 
239203603 
239297855 
239327170 
239333740 
239351638 
239357384 
239452975 
239479356 
239485262 
239501287 
239506573 
239537867 
239546587 
239556946 
239569680 
239619364 
239619378 
239676368 
239698765 
239709155 
239728174 
239772174 
239774391 
239854142 
239864944 
239865922 
239895522 
239901730 
239914336 
239918364 
239919111 
239935005 
239975797 
240003359 
240018024 
240103382 
240162835 
240163859 
240208236 
240213705 
240220140 
240220956 
240253877 
240297102 
240486887 
240583799 
240604590 
240606724 
240617718 
240636457 
240746405 
240807248 
240849464 
240860622 
240875737 
240899979 
240899979 
240899979 
240914590 
240917430 
240924598 
240942422 
240961839 
240978750 
240981293 
241029149 
241032503 
241033429 
241103567 
241105164 
241116489 
241145010 
241164523 
241173096 
241191597 
241212704 
241224897 
241270483 
241290135 
241303589 
241319504 
241342610 
241420571 
241448048 
241458843 
241473516 
241591464 
241615161 
241675801 
241688722 
241704118 
241720577 
241742080 
241759712 
241764643 
241807385 
241854084 
241880069 
241898614 
241900529 
241916871 
241952189 
242000655 
242079094 
242085080 
242087516 
242104249 
242124457 
242133324 
242144884 
242176056 
242190011 
242196683 
242201519 
242225071 
242245652 
242261715 
242283123 
242312801 
242322791 
242323588 
242339574 
242378588 
242409250 
242421157 
242488201 
242515888 
242516643 
242596912 
242628181 
242633310 
242655559 
242670444 
242673466 
242680561 
242771739 
242773306 
242801879 
242847305 
242850674 
242858700 
242871368 
242871689 
242885089 
242943672 
242967019 
242982762 
243036897 
243046065 
243061156 
243134948 
243149002 
243188790 
243240438 
243282239 
243362920 
243375861 
243387954 
243391000 
243421201 
243438413 
243443713 
243443876 
243461362 
243468217 
243479953 
243511371 
243558576 
243663695 
243674493 
243687354 
243788977 
243798293 
243853039 
243866539 
243924366 
243926985 
243936188 
243988139 
244010760 
244024487 
244033701 
244055327 
244070468 
244085948 
244092838 
244117235 
244127277 
244155266 
244262910 
244276148 
244287338 
244293682 
244333825 
244333922 
244345398 
244353557 
244356169 
244397389 
244410751 
244423587 
244447489 
244486481 
244491319 
244575013 
244584190 
244654064 
244683582 
244732955 
244784976 
244856141 
244882357 
244888695 
244922364 
244974937 
244993543 
245001833 
245001833 
245053175 
245140524 
245155406 
245186654 
245215211 
245242631 
245294457 
245335358 
245341093 
245357975 
245366268 
245370048 
245446574 
245463333 
245468068 
245477841 
245526520 
245619132 
245658915 
245695806 
245703864 
245712222 
245722065 
245798272 
245801670 
245832889 
245851109 
245866561 
245868088 
245875666 
245943718 
245947924 
245950765 
245981815 
245984817 
245993952 
246024593 
246039091 
246042594 
246052554 
246106622 
246113373 
246129695 
246174486 
246177633 
246188531 
246282099 
246303013 
246309651 
246340050 
246363251 
246429152 
246469444 
246485621 
246490529 
246494268 
246500359 
246503829 
246512258 
246530493 
246542498 
246631505 
246649292 
246709811 
246710057 
246721770 
246752820 
246754529 
246787820 
246830734 
246850553 
246863389 
246865614 
246916511 
246978621 
246992874 
247009081 
247031197 
247041653 
247059194 
247068990 
247070320 
247109809 
247150360 
247151475 
247203734 
247307872 
247315568 
247351584 
247395403 
247406751 
247432302 
247446814 
247463118 
247474449 
247494258 
247505599 
247509255 
247535053 
247553006 
247568272 
247570510 
247583613 
247605373 
247631488 
247635720 
247698432 
247703859 
247710270 
247745949 
247764525 
247766900 
247793950 
247815580 
247894622 
247920444 
248008704 
248028678 
248053839 
248095313 
248101769 
248150418 
248157737 
248167924 
248167924 
248169354 
248182132 
248188289 
248193987 
248199170 
248228079 
248231046 
248275355 
248300108 
248330748 
248340009 
248358729 
248361002 
248441455 
248446481 
248474103 
248521456 
248524105 
248560644 
248565928 
248586654 
248598576 
248615002 
248622407 
248641895 
248700317 
248706254 
248709569 
248728356 
248752166 
248772291 
248791488 
248819761 
248826836 
248826836 
248838350 
248846058 
248875516 
248899788 
248940164 
248956891 
248960754 
248962932 
248987346 
248987810 
249011268 
249068372 
249071814 
249103956 
249197558 
249207851 
249245764 
249288240 
249296547 
249324772 
249380912 
249423490 
249451162 
249481125 
249485900 
249495272 
249513395 
249516286 
249537257 
249552268 
249554868 
249581344 
249592310 
249629665 
249630460 
249638464 
249649316 
249658805 
249757068 
249792374 
249812755 
249824956 
249826249 
249851182 
249938785 
249964640 
249997824 
250087815 
250121895 
250156000 
250165745 
250215191 
250256620 
250279054 
250286665 
250316010 
250350315 
250353865 
250397919 
250418500 
250426736 
250445031 
250449457 
250465703 
250511116 
250579818 
250582494 
250584819 
250592260 
250619687 
250630527 
250643738 
250688944 
250702619 
250727707 
250743925 
250750438 
250828988 
250845188 
250896016 
250995356 
251005085 
251031613 
251043566 
251054393 
251093939 
251102932 
251108779 
251131963 
251154004 
251163630 
251195949 
251354756 
251364544 
251405550 
251417870 
251497188 
251597844 
251605196 
251612191 
251632129 
251641308 
251659081 
251659820 
251663413 
251679112 
251721907 
251722363 
251771954 
251799080 
251803158 
251809234 
251812048 
251817609 
251830330 
251830330 
251830330 
251947688 
252088388 
252089279 
252095598 
252108923 
252113746 
252127318 
252154247 
252160583 
252182894 
252189995 
252236618 
252243614 
252271537 
252279757 
252280591 
252330474 
252343504 
252376671 
252386626 
252419507 
252420339 
252467519 
252495285 
252586185 
252605736 
252612649 
252625351 
252638581 
252641265 
252675650 
252700765 
252741497 
252743953 
252762574 
252770096 
252770353 
252776667 
252789650 
252799989 
252849643 
252875768 
252883878 
252912411 
252922447 
252925234 
252928896 
252950018 
252971096 
252998252 
253025212 
253026731 
253080811 
253128227 
253136587 
253148063 
253158986 
253162872 
253179422 
253214868 
253315007 
253315156 
253327404 
253377074 
253378125 
253382718 
253384488 
253392915 
253405843 
253418989 
253500810 
253504095 
253517472 
253526507 
253530980 
253537877 
253576872 
253590668 
253622285 
253660897 
253687840 
253692066 
253742477 
253742715 
253764474 
253822291 
253839998 
253891839 
253904073 
253923525 
254026228 
254118011 
254121214 
254125569 
254133345 
254159989 
254219746 
254347406 
254348522 
254360754 
254414573 
254414905 
254436308 
254464935 
254496229 
254533641 
254537472 
254543496 
254559499 
254607376 
254619169 
254623234 
254626631 
254627052 
254629754 
254655361 
254655361 
254698923 
254718963 
254743497 
254745316 
254749633 
254789480 
254835105 
254852117 
254859849 
254909810 
254918943 
254921743 
254934783 
254937082 
254957203 
255006145 
255011657 
255036557 
255056269 
255063698 
255081939 
255121110 
255123512 
255128242 
255140129 
255148457 
255201813 
255213156 
255274518 
255297474 
255332928 
255353388 
255367937 
255386286 
255410277 
255419968 
255458048 
255504339 
255558594 
255573976 
255603654 
255605523 
255672653 
255696222 
255715912 
255720265 
255766067 
255819500 
255829861 
255837487 
255913508 
255938835 
256007274 
256038943 
256039137 
256048718 
256081591 
256104601 
256105152 
256108198 
256116155 
256140089 
256150135 
256152991 
256187869 
256194864 
256220653 
256238039 
256241559 
256288134 
256293763 
256323902 
256332003 
256362034 
256379922 
256405093 
256463946 
256471622 
256508283 
256533386 
256578570 
256588070 
256594520 
256621087 
256676771 
256706553 
256784727 
256794321 
256854467 
256855421 
256875237 
256889030 
256917596 
256918024 
256934621 
256937182 
256954970 
256955939 
257000551 
257017827 
257040291 
257048544 
257091469 
257095628 
257117932 
257131010 
257171523 
257181397 
257185348 
257187333 
257203902 
257244950 
257279880 
257353082 
257364773 
257367426 
257458443 
257488805 
257494137 
257530248 
257548189 
257670690 
257693115 
257710819 
257716691 
257802319 
257806946 
257808619 
257920049 
257920049 
257938335 
257972541 
257978516 
257996872 
258019796 
258027003 
258056842 
258072896 
258074412 
258097717 
258100636 
258131354 
258187754 
258229953 
258235204 
258270864 
258287936 
258324121 
258345663 
258364272 
258365748 
258370770 
258410030 
258502464 
258516668 
258516750 
258538021 
258545675 
258564595 
258564595 
258564595 
258652124 
258683720 
258765351 
258773568 
258802753 
258829085 
258841796 
258856150 
258901646 
258939918 
258950709 
258954536 
258999411 
259009665 
259021006 
259152626 
259190389 
259199752 
259201141 
259214853 
259224702 
259280032 
259289548 
259352525 
259357783 
259422440 
259425023 
259458208 
259464247 
259467629 
259523823 
259648752 
259654913 
259733454 
259871912 
259887076 
259959229 
259972611 
260045443 
260049298 
260120735 
260153409 
260154806 
260165417 
260202754 
260203486 
260226965 
260276429 
260307563 
260307816 
260328412 
260353267 
260371394 
260374297 
260394645 
260411904 
260411954 
260455124 
260466989 
260503354 
260510341 
260582712 
260615497 
260691755 
260697080 
260746913 
260748584 
260764674 
260797628 
260815826 
260831657 
260869762 
260883515 
260895850 
260921953 
260922930 
261025950 
261072331 
261096774 
261112946 
261184639 
261227515 
261253940 
261261355 
261269343 
261333313 
261336718 
261411147 
261415395 
261472834 
261515594 
261539463 
261579135 
261591904 
261593815 
261597028 
261604751 
261640832 
261656187 
261672947 
261730297 
261735789 
261834671 
261855592 
261904645 
261909700 
261940602 
261950124 
261957299 
261964396 
262005560 
262024792 
262089137 
262104991 
262106468 
262137448 
262142756 
262165419 
262166973 
262202554 
262242334 
262261725 
262300515 
262361461 
262379067 
262393295 
262422386 
262423434 
262439528 
262449161 
262461249 
262471770 
262486308 
262550906 
262561635 
262636919 
262670968 
262701574 
262712822 
262714089 
262747764 
262763540 
262770796 
262771568 
262822942 
262924395 
263054369 
263181875 
263183988 
263213392 
263220055 
263233009 
263279983 
263305250 
263309180 
263328276 
263357288 
263514818 
263515139 
263541510 
263543038 
263577211 
263593101 
263609287 
263612812 
263614901 
263631664 
263665058 
263696835 
263711841 
263774024 
263819486 
263842908 
263903694 
263913038 
263921528 
263921680 
263983612 
263990836 
264012241 
264012613 
264026867 
264027140 
264034469 
264036845 
264072642 
264104764 
264132800 
264162988 
264170339 
264195870 
264220424 
264227186 
264239955 
264310360 
264316151 
264362259 
264440017 
264464936 
264468781 
264474672 
264555235 
264570803 
264574915 
264613784 
264617769 
264629490 
264638630 
264670272 
264687143 
264688644 
264693782 
264697284 
264710484 
264725340 
264727941 
264742601 
264770351 
264820258 
264824562 
264847560 
264855791 
264891829 
264924532 
264925180 
264969550 
264988690 
264988690 
264992906 
265038467 
265064285 
265066024 
265075060 
265077339 
265135744 
265164422 
265175077 
265281791 
265353939 
265384948 
265397867 
265412900 
265417079 
265422126 
265470435 
265545037 
265585312 
265589159 
265616988 
265623334 
265661607 
265719086 
265732362 
265782626 
265787702 
265790704 
265794323 
265838964 
265888081 
265913563 
265932718 
265987538 
266004533 
266022843 
266055774 
266072938 
266110751 
266127360 
266194424 
266206532 
266223114 
266246567 
266273236 
266292190 
266360879 
266412183 
266478945 
266485795 
266548587 
266590325 
266616238 
266654437 
266691175 
266732455 
266734373 
266744264 
266822477 
266848723 
266939865 
266947597 
266967741 
266994355 
267103984 
267218247 
267227454 
267243664 
267256695 
267260716 
267332510 
267371952 
267374610 
267379615 
267387310 
267398813 
267463104 
267520067 
267540203 
267555559 
267667495 
267687185 
267697058 
267705403 
267723249 
267751894 
267761105 
267772231 
267778104 
267839082 
267839107 
267841325 
267846035 
267929572 
267955932 
267961223 
267998340 
268012956 
268051942 
268118086 
268126736 
268129627 
268165748 
268185695 
268191108 
268220223 
268230112 
268270138 
268273746 
268294734 
268316679 
268373025 
268403599 
